3 771
3 1555
3 5587
3 5727
3 7617
3 11420
3 12686
3 12842
8 10337
8 13034
14 7018
14 9259
14 9760
14 10260
15 2443
17 4695
17 5374
17 7504
17 9713
17 13165
19 3530
19 4405
19 12842
20 11074
21 1555
21 4405
21 4449
21 4453
21 7259
21 10303
21 10694
21 12842
23 3187
24 2669
38 11692
38 12076
38 12117
40 947
40 1618
40 2774
40 3002
40 3405
40 3722
40 6333
40 8548
40 9627
43 6498
46 2356
46 8249
47 9129
52 782
52 2532
53 11423
59 6011
59 11791
59 11957
59 12814
61 2669
63 8988
68 4551
68 8702
68 12768
69 4517
69 11973
74 9679
77 647
78 8180
78 13450
88 2563
88 10260
90 9254
94 5375
95 4839
96 2669
98 351
98 584
98 2669
98 2934
98 4252
98 7552
98 8436
98 10205
98 10669
98 10845
98 11194
98 12419
98 12972
101 4103
103 3079
104 12124
109 1926
109 5254
109 8887
109 10401
111 2416
111 5200
111 9760
111 10640
113 7617
113 9803
113 13456
120 5814
120 10488
122 2669
129 2222
129 3868
129 6414
129 9760
142 6498
160 2386
165 623
165 1992
165 3000
165 9607
169 351
169 584
169 607
169 4953
169 5549
169 7028
169 11194
169 12972
171 11690
173 1547
173 6372
173 8382
173 12321
178 6639
181 2669
183 2669
186 782
188 1555
188 2379
188 3530
188 4453
188 6770
188 6819
188 7259
188 9639
188 10002
188 11078
188 12686
188 12842
196 10640
196 11791
196 11957
197 1944
197 5861
197 9307
201 351
201 584
201 5877
201 8436
201 10205
201 11194
205 5014
217 2966
224 3594
224 6084
237 6498
240 2175
240 3584
240 4370
240 4722
240 4976
240 5040
240 5804
240 6299
240 7855
240 9129
240 10362
240 11958
240 12508
240 12775
241 2669
241 10303
247 1281
247 1676
247 2303
247 2841
247 3768
247 3981
247 5359
247 5434
247 5441
247 6151
247 6912
247 7567
247 7611
247 8634
247 8984
247 9062
247 9265
247 9439
247 9611
247 9630
247 9729
247 9825
247 10004
247 10555
247 10759
247 10932
247 11689
247 12113
247 13372
247 13455
248 3739
250 3287
257 3037
267 2523
267 6857
267 9281
267 9760
267 9935
287 1803
287 2225
287 2312
287 4011
287 4866
287 6217
299 2882
301 1580
302 11104
302 12906
305 2669
314 5162
316 2464
316 5676
316 5965
316 8094
326 6782
326 9569
326 9852
330 1580
330 9144
330 10509
331 5200
331 8702
331 9990
331 10512
331 12768
332 1804
332 7489
332 8280
332 11378
332 11422
332 12035
332 13349
333 3710
344 2337
344 3006
353 3131
353 7185
353 9598
353 10908
357 5294
357 5445
357 10526
357 13300
365 696
365 3436
365 8915
371 2800
371 7647
371 9325
373 2990
373 9760
373 10041
373 10106
385 2298
385 5369
385 8736
385 10327
385 12025
387 2530
387 7018
387 10260
389 5859
389 6920
389 8180
389 8196
389 9175
389 12686
393 5212
393 7371
393 8203
393 9464
393 9639
396 351
396 584
396 1508
396 2454
396 2908
396 5849
396 8230
396 8436
396 10120
396 10205
396 10408
396 11194
396 11749
396 12972
398 97
398 1383
398 2365
398 9662
412 303
412 1215
412 2455
412 2457
412 6887
412 9418
413 1505
413 2170
413 4139
413 4242
413 7763
413 12428
414 2669
424 12007
425 3131
425 9598
425 10908
425 13413
428 584
428 2669
428 10205
428 11194
428 12972
432 1826
443 7273
445 718
445 1064
445 1618
445 3077
445 3552
445 4257
445 4306
445 4407
445 5351
445 7466
445 8328
445 8777
445 9472
445 9502
445 10047
445 11941
455 1215
455 3886
455 6887
458 7031
467 1876
471 2077
471 2534
471 3089
471 3289
471 9786
471 11964
471 12197
471 12508
471 12696
474 2530
475 303
475 1215
476 4675
476 7940
476 10509
477 2669
484 11353
484 13330
486 380
486 708
486 767
486 2417
486 5339
486 6079
486 7543
486 9154
486 10203
486 11628
486 12421
488 2669
491 6363
494 7494
494 12745
495 2669
497 303
497 1215
497 6887
498 1595
498 2822
498 8634
499 3830
512 2089
512 2891
512 3428
512 9760
513 5296
515 7777
515 7940
515 9136
522 7593
522 12063
523 2800
526 1505
534 12972
535 10208
535 12031
537 1225
547 9144
548 5446
550 9368
558 303
558 1215
558 2302
562 1278
562 10041
562 10106
562 12566
568 2811
568 3412
568 4293
570 2056
570 12760
571 5056
572 7590
577 1547
577 3131
577 6372
577 6417
577 7185
577 8382
577 9598
577 10908
577 12321
577 13413
584 10228
586 11885
586 12093
593 7185
593 9598
593 13413
597 1768
599 10205
601 303
601 1215
601 2455
603 5441
605 786
605 2636
605 5052
605 8852
605 12360
606 7891
608 2669
608 3594
608 12566
612 975
612 4854
612 6724
612 7611
612 8702
612 9760
612 10512
612 11432
612 12103
616 1547
616 6372
616 6417
616 8382
616 12321
620 303
620 1215
620 5189
620 10775
637 3177
644 10786
656 1237
656 2632
657 7018
657 9259
657 11957
658 10205
666 1365
666 1580
666 2483
666 5965
671 2669
679 351
679 584
679 2669
679 6064
679 8336
679 8436
679 8506
679 10205
679 10669
679 11194
679 12419
679 12972
680 7277
680 12972
690 2172
690 5356
690 5473
690 8289
690 12960
696 3131
696 7185
696 13413
698 7114
698 8204
699 1306
699 4268
699 5531
699 8065
699 9209
699 9864
699 10780
706 8671
708 9502
711 848
711 5000
712 3957
712 5667
712 10612
712 12529
720 1122
727 852
727 4886
727 7277
727 10106
727 10374
728 3431
733 3899
734 482
734 12357
734 12851
734 13450
736 351
736 584
736 4252
736 6712
736 7552
736 8336
736 8436
736 10205
736 10661
736 10845
736 11194
736 12972
739 5468
739 5661
739 6692
740 3431
740 3681
740 5727
744 584
744 12972
761 2481
761 12303
770 351
770 584
770 6064
770 6712
770 8336
770 8436
770 8506
770 10205
770 11194
770 12972
771 647
771 952
771 1268
771 2083
771 4369
771 6273
771 10640
771 11443
771 12449
771 12647
771 12990
772 3681
772 7705
772 10640
772 10833
777 2702
777 3612
777 6891
777 8582
777 10526
782 11443
782 12298
783 1116
783 13263
787 2669
792 12852
793 2669
796 2132
796 7034
799 11692
800 303
800 1215
800 2455
808 71
814 201
814 303
814 1215
815 2669
817 2669
817 2934
817 10669
817 12419
820 3530
820 4405
820 4455
820 5727
820 6819
820 9803
820 11327
820 12842
828 9384
828 9639
828 12686
832 2246
832 6011
832 6709
832 6830
832 10054
832 11957
832 13127
836 8522
836 10897
842 3131
842 7185
842 9598
842 10908
842 13413
843 1225
843 3709
843 12846
847 351
847 584
847 2669
847 8436
847 10205
847 12223
847 12972
852 4252
852 7175
852 7552
852 10661
852 10845
856 11713
859 12622
866 6819
866 12842
867 11077
871 584
871 2669
873 11280
878 6511
879 1547
879 3131
879 5850
879 6372
879 6417
879 8382
879 8546
879 10811
879 12842
880 3530
881 9136
881 10203
894 3988
894 5375
894 5481
894 5991
894 7024
894 12594
906 2102
906 5927
906 7018
906 10249
906 11844
910 2523
910 9903
913 173
939 1555
939 1838
939 4405
939 4449
939 6632
939 6770
939 8578
939 9639
939 12686
939 12842
941 303
945 2256
945 4540
945 11202
947 2669
947 7871
952 707
957 782
961 1313
961 3449
961 6942
961 10392
963 1757
963 2442
963 3530
963 6819
963 9639
963 12686
969 782
969 1555
977 1555
977 2089
977 2379
977 4405
977 7377
979 12228
994 2804
994 7705
1004 6621
1004 12904
1007 11884
1007 11951
1007 13161
1008 3530
1008 5792
1008 8511
1008 9639
1013 6414
1015 4257
1015 7520
1015 8328
1015 10047
1016 2523
1016 12076
1017 2246
1017 11791
1020 1215
1022 201
1022 303
1022 1215
1023 5921
1023 8676
1024 2825
1024 6969
1029 9390
1029 12745
1031 2812
1031 3530
1031 12842
1034 4655
1036 6156
1042 2523
1042 3481
1042 7131
1042 10249
1042 10493
1051 303
1051 1215
1051 3412
1058 1555
1058 3530
1058 6819
1058 7377
1058 9639
1058 12686
1060 507
1060 5157
1061 2741
1061 5098
1061 9196
1072 2669
1099 2443
1099 3131
1099 7185
1099 9598
1099 10908
1099 13413
1106 2294
1106 3545
1106 4062
1109 1547
1109 6372
1109 6417
1109 8382
1113 12852
1113 13270
1119 134
1119 10423
1120 2669
1121 9561
1137 6735
1137 8268
1137 12452
1138 259
1138 6735
1138 9435
1138 9739
1138 10990
1138 11831
1138 12190
1138 12831
1144 5055
1144 13462
1149 2675
1152 11918
1153 3545
1157 421
1157 9315
1158 4675
1176 1680
1176 7836
1191 3530
1191 4405
1191 9639
1191 12686
1191 12842
1195 5676
1202 4247
1202 10260
1202 10920
1208 10047
1214 29
1214 782
1214 1673
1214 2757
1214 5046
1214 5348
1227 9760
1228 1215
1230 2669
1232 2184
1232 5594
1232 6793
1232 10084
1232 12317
1235 5171
1236 584
1236 11194
1236 12972
1238 4728
1238 5197
1238 13349
1250 6550
1250 9472
1251 11077
1252 11069
1258 4650
1258 7214
1258 12180
1258 12973
1262 482
1262 2990
1263 2669
1265 9162
1268 2585
1268 3774
1286 6132
1289 6127
1294 11849
1295 12662
1299 7587
1307 337
1307 1505
1307 4242
1307 4675
1307 6006
1307 12428
1311 2669
1322 303
1322 1215
1322 2455
1322 5975
1322 6887
1322 8994
1322 9329
1324 7562
1324 8001
1324 8936
1324 9364
1327 11886
1328 1955
1328 10412
1328 11360
1328 12533
1328 13326
1341 1505
1343 9383
1343 13159
1349 154
1349 185
1349 2447
1349 2481
1349 3732
1349 3759
1349 4068
1349 4682
1349 4824
1349 5020
1349 5280
1349 10172
1349 10200
1349 12462
1349 12928
1355 1793
1355 2376
1355 2825
1355 7486
1355 8219
1355 12096
1355 12231
1355 12785
1357 6986
1358 3628
1358 5728
1359 214
1359 604
1366 2368
1382 6498
1386 1547
1386 6372
1386 6417
1386 8382
1388 272
1388 1414
1388 1445
1388 2024
1388 4551
1388 5241
1388 7979
1388 11662
1388 11767
1391 3594
1392 3420
1392 3653
1392 6715
1392 8140
1392 12881
1394 3431
1394 5727
1394 12727
1401 71
1401 1215
1401 2455
1401 3412
1401 10055
1401 12078
1405 1505
1405 1623
1405 2290
1405 3836
1405 3974
1405 7940
1405 9763
1405 10789
1405 11061
1406 2327
1406 4864
1406 7035
1407 6990
1418 4081
1421 1505
1427 994
1430 6867
1430 6938
1432 10060
1433 6806
1433 8602
1433 11600
1434 6372
1434 6417
1434 8382
1434 12321
1435 9760
1437 5531
1452 1508
1452 2381
1452 4216
1452 4688
1452 5290
1452 6314
1452 11793
1452 12607
1455 6941
1455 9259
1455 9639
1455 11327
1459 7389
1459 9739
1459 11778
1461 5986
1461 6724
1461 8702
1461 12103
1464 1618
1464 2689
1476 351
1476 584
1476 2350
1476 2669
1476 8436
1476 10205
1476 11194
1476 12972
1480 3868
1480 8578
1485 3313
1485 11131
1485 12689
1488 2269
1488 3044
1488 5470
1492 2056
1492 13079
1496 1952
1498 3657
1498 4853
1498 5157
1498 11324
1514 8344
1515 6920
1515 8180
1515 9834
1515 11298
1515 12970
1515 13450
1518 693
1518 3034
1519 6372
1519 6417
1519 8382
1519 12321
1541 7931
1541 9269
1541 13218
1543 8843
1543 10303
1547 2439
1547 4293
1550 6064
1557 9250
1557 10008
1571 9739
1578 9182
1578 10844
1578 11569
1585 1547
1585 6372
1585 6417
1585 8382
1591 1951
1591 7815
1591 8715
1591 11449
1594 2089
1594 7789
1594 9680
1602 5516
1602 8708
1602 9648
1602 11130
1602 11918
1602 11965
1604 584
1604 12972
1605 3313
1605 3988
1605 4688
1605 5375
1605 5991
1606 10008
1609 10008
1613 5241
1613 5549
1613 8887
1615 1505
1615 4242
1615 4675
1615 12428
1619 998
1619 2694
1619 3545
1619 5294
1619 7787
1619 7863
1619 12777
1621 4234
1621 7844
1621 8777
1621 10227
1630 2623
1630 8177
1630 8192
1630 11693
1633 5253
1638 2217
1638 3382
1638 3418
1638 4845
1638 5834
1638 8514
1638 12372
1652 3545
1652 4599
1652 7705
1655 9607
1655 11578
1655 12600
1658 2669
1659 6012
1660 1547
1660 6372
1660 6417
1660 8382
1668 9144
1671 1508
1671 2454
1671 2669
1676 2669
1683 3649
1683 4453
1683 4498
1683 8569
1683 9321
1683 10947
1683 12574
1693 2990
1693 5926
1693 6830
1700 7647
1702 1215
1702 3412
1702 12078
1713 9929
1719 40
1719 669
1719 5986
1719 9265
1719 10512
1720 8058
1720 12697
1726 2416
1726 6857
1726 8578
1726 9281
1726 9760
1726 9935
1734 2669
1745 5759
1746 4083
1751 2227
1751 5199
1751 8352
1751 10315
1751 12750
1779 5200
1779 6011
1787 4517
1787 10949
1791 2669
1795 11620
1799 3428
1805 2669
1815 1002
1819 1895
1819 7224
1819 9154
1819 10409
1820 4630
1821 6498
1823 4697
1826 1547
1826 6417
1826 8382
1826 10303
1826 12321
1826 12745
1833 303
1833 1215
1833 6887
1834 434
1838 1505
1838 6006
1838 11329
1852 463
1852 3050
1852 3615
1852 4819
1852 7288
1852 10051
1852 12416
1852 13395
1873 597
1873 2811
1873 2949
1873 3577
1873 6578
1873 8089
1873 8255
1873 9367
1873 9969
1873 10172
1873 11130
1873 13331
1874 4528
1883 21
1883 1346
1883 3888
1883 4002
1883 5508
1883 6574
1884 6498
1886 303
1886 1215
1886 11521
1890 10564
1890 12690
1892 4340
1899 12321
1903 228
1903 907
1903 6022
1903 12988
1904 1288
1904 1505
1904 1785
1904 3574
1904 4242
1904 4675
1904 5924
1904 6006
1904 7146
1904 8219
1904 8344
1904 11894
1904 12428
1904 13141
1906 7907
1917 584
1917 1219
1917 2669
1917 3279
1917 4016
1917 10205
1917 11194
1917 12117
1919 1106
1919 3783
1919 5122
1919 5157
1919 9054
1919 9196
1919 10227
1919 11988
1919 12539
1919 13330
1920 1706
1920 4006
1920 5024
1920 5269
1920 7873
1920 8887
1920 9231
1920 9577
1920 10004
1920 10827
1920 10844
1920 11064
1920 11669
1920 12462
1920 12789
1921 1580
1922 1638
1922 2669
1922 2908
1922 8230
1922 11749
1922 13308
1925 4251
1925 12283
1930 303
1930 1215
1930 2455
1935 5195
1936 7844
1940 12734
1941 2845
1942 12942
1944 2669
1949 5294
1949 6735
1949 7789
1949 9385
1949 12572
1956 5081
1957 303
1957 1215
1957 2455
1965 5867
1965 8148
1969 7131
1969 8578
1969 8697
1975 2669
1976 5359
1979 2669
1980 11519
1984 8582
1991 3299
1991 5728
1995 7277
1996 1547
1996 6372
1996 6417
1996 7185
1996 8382
1996 9598
1996 10908
1996 13413
2000 1757
2000 6438
2000 6819
2000 9639
2000 9711
2004 7940
2005 2251
2005 7114
2009 866
2009 2089
2009 2379
2009 4453
2009 9680
2009 10091
2009 12076
2015 1555
2015 3530
2015 4405
2015 7377
2015 9639
2015 10867
2015 12686
2021 4201
2025 2669
2030 1555
2030 4405
2030 11327
2030 12686
2030 12842
2033 5359
2044 13387
2045 11069
2049 1176
2049 1815
2049 2101
2049 2191
2049 2360
2049 2841
2049 3546
2049 4361
2049 5157
2049 5195
2049 5278
2049 5290
2049 5338
2049 5414
2049 5672
2049 6019
2049 6192
2049 6314
2049 8179
2049 8210
2049 8387
2049 8544
2049 10004
2049 10854
2049 11727
2049 11765
2049 11927
2049 12783
2050 965
2050 2386
2050 6487
2050 9152
2050 11061
2053 3408
2053 4999
2053 5217
2053 5923
2053 7041
2053 11322
2055 4429
2055 9585
2057 4416
2057 11362
2057 13053
2061 5574
2061 8542
2069 2483
2071 4565
2072 782
2072 3969
2072 4405
2072 6770
2072 6819
2072 9639
2072 10409
2072 10765
2072 11327
2072 12686
2074 3001
2074 3923
2074 4839
2074 7103
2074 12019
2075 3371
2075 4823
2075 9061
2075 11402
2076 11976
2077 5776
2077 6654
2077 8589
2077 9696
2077 11069
2082 2669
2089 9711
2089 11584
2093 1547
2093 6372
2093 6417
2093 8382
2093 12321
2097 2669
2103 29
2103 782
2103 8959
2103 9548
2106 6737
2106 7519
2106 8639
2106 9436
2106 10322
2110 7653
2110 11036
2110 11602
2110 12709
2115 365
2115 5633
2116 128
2116 1476
2119 71
2119 303
2119 515
2119 890
2119 2302
2119 3369
2119 4802
2119 6039
2119 6763
2119 6887
2119 7251
2119 8215
2119 8310
2119 8316
2119 8513
2119 9405
2119 10775
2119 10832
2119 10860
2119 11253
2119 11423
2119 11453
2119 11762
2119 12299
2119 12603
2119 13464
2125 6976
2126 10775
2126 11868
2126 13175
2128 1508
2128 2934
2128 10669
2128 12419
2133 13110
2148 7701
2149 911
2149 5467
2149 6898
2154 1109
2154 2458
2154 12282
2156 1171
2156 6023
2156 7676
2156 8292
2156 9109
2156 13246
2156 13347
2163 2669
2167 2307
2172 6498
2173 6310
2179 2811
2182 626
2182 2882
2188 410
2188 415
2188 1829
2188 2689
2188 3092
2188 4928
2188 6976
2188 7224
2188 7299
2188 8831
2188 10483
2188 11250
2188 13434
2189 3928
2189 12566
2192 819
2192 2403
2192 2845
2192 6992
2192 9805
2192 12323
2192 12552
2197 8937
2198 2444
2198 2576
2198 13095
2200 8336
2202 2694
2216 584
2216 2669
2222 1001
2222 1955
2222 2331
2222 9938
2222 11795
2245 12689
2246 2669
2248 13153
2257 4370
2258 12000
2263 1585
2263 3199
2263 3826
2263 6473
2263 8914
2263 9309
2263 9319
2263 9666
2263 12171
2265 2669
2265 10661
2267 584
2267 3868
2267 10640
2267 11194
2283 71
2283 303
2283 1215
2283 2089
2283 10560
2290 13047
2292 351
2292 584
2292 6064
2292 6712
2292 8336
2292 8436
2292 8506
2292 10205
2292 11194
2292 12972
2295 1499
2297 782
2297 1555
2297 3736
2297 4449
2297 4455
2297 6770
2297 7377
2297 8063
2297 11327
2297 12026
2297 12223
2297 12686
2297 12708
2298 4242
2298 4675
2299 2669
2303 7979
2304 6110
2304 12001
2310 935
2315 499
2329 9147
2337 2669
2338 6576
2341 2669
2347 9770
2350 1215
2350 6887
2350 11868
2352 3530
2352 3630
2352 4405
2352 6819
2352 9639
2352 12686
2352 12906
2362 4558
2362 4965
2362 8243
2362 9767
2362 10511
2362 11964
2365 4405
2365 6226
2365 9803
2374 1555
2374 3530
2374 3702
2374 6819
2374 9639
2374 9803
2374 11327
2374 12686
2381 5290
2382 9803
2398 2669
2416 3436
2416 4283
2416 6064
2416 6712
2416 8336
2416 10303
2425 5359
2429 2669
2432 7603
2434 1489
2434 3027
2434 5157
2440 2572
2443 3899
2445 808
2445 6021
2446 7551
2446 8861
2450 3530
2450 4405
2450 6819
2450 9639
2450 12686
2450 12842
2463 2108
2468 3530
2468 12686
2480 6090
2491 1278
2491 2443
2504 2353
2504 5207
2509 7821
2510 1483
2510 1647
2510 5274
2510 6285
2510 9589
2510 9893
2510 9968
2510 10512
2510 11306
2510 11432
2511 5590
2512 1547
2512 6372
2512 6417
2512 8382
2512 12321
2519 68
2519 9760
2531 10260
2532 2256
2532 4540
2532 9147
2545 3932
2545 5098
2545 5497
2545 11914
2545 13330
2554 4000
2554 4538
2554 11275
2554 13161
2564 2510
2564 6550
2564 11462
2565 4242
2566 4854
2566 5549
2566 5711
2576 5340
2584 124
2584 810
2585 677
2585 1458
2585 2012
2585 3699
2585 5774
2585 5855
2585 7286
2585 7722
2585 7887
2585 8695
2585 8810
2585 9784
2585 10055
2585 10457
2585 11272
2585 11405
2585 11521
2585 11908
2585 12947
2611 1547
2611 6372
2611 6417
2611 8382
2611 12321
2618 3635
2618 5038
2618 8700
2618 10261
2618 11818
2627 5104
2628 10249
2630 1390
2630 10106
2635 2582
2636 1941
2636 4797
2636 8083
2636 10941
2636 13318
2638 10010
2643 2669
2654 2062
2654 12449
2654 12696
2663 9529
2665 2669
2668 7955
2668 10833
2670 1547
2670 6417
2670 8382
2670 12321
2676 4652
2676 9502
2677 1439
2679 29
2679 782
2679 1555
2679 3431
2679 11287
2679 11593
2684 231
2684 4797
2684 8065
2684 8236
2684 11461
2684 12421
2691 9752
2694 11395
2700 2669
2702 8099
2703 2669
2709 1260
2710 4576
2720 3305
2720 5700
2720 6920
2720 7665
2720 8180
2720 10097
2722 4461
2722 12627
2731 8009
2731 10501
2732 11420
2733 1329
2733 2336
2733 9343
2733 9963
2733 10711
2733 12462
2734 2347
2734 3530
2734 4405
2734 6819
2734 9639
2734 9679
2734 10183
2734 10409
2734 12686
2745 351
2745 584
2745 1638
2745 2669
2745 2908
2745 8230
2745 8436
2745 11194
2745 11749
2745 12972
2745 13308
2747 11778
2756 2669
2756 3928
2756 12566
2757 6712
2760 45
2760 375
2760 1164
2760 1590
2760 3401
2760 3444
2760 3923
2760 6003
2760 6273
2760 7201
2760 7601
2760 8793
2760 9471
2760 10601
2760 10626
2760 10963
2760 11303
2764 3530
2764 6819
2764 9639
2765 4953
2765 6498
2768 532
2768 1258
2768 4959
2768 5263
2768 6700
2768 7018
2768 10616
2768 12989
2776 972
2776 2071
2776 4173
2776 4834
2776 6867
2776 8777
2776 12826
2779 4715
2781 12097
2786 4405
2786 6819
2790 3131
2790 6372
2790 9598
2790 10908
2798 3988
2798 5991
2799 3131
2799 6372
2799 7185
2799 8382
2799 9598
2799 10908
2799 13413
2803 12298
2803 13354
2806 7022
2814 173
2814 2386
2821 217
2822 1736
2822 2037
2822 3783
2822 5826
2822 5937
2822 6905
2822 7387
2822 9917
2822 10921
2822 11057
2822 11927
2822 12607
2822 13041
2826 5727
2827 4619
2827 5024
2827 12180
2832 2669
2834 7722
2835 4886
2835 5792
2849 9132
2850 482
2850 6210
2850 6920
2850 8180
2858 10764
2860 1638
2860 8230
2860 11749
2860 13308
2869 5386
2876 6957
2877 584
2877 2669
2877 2908
2877 8436
2877 11194
2877 12972
2879 371
2879 1320
2879 1676
2879 1832
2879 5096
2879 6837
2879 7889
2879 10563
2879 12844
2879 12850
2884 2669
2898 3899
2898 4556
2904 2694
2904 4372
2904 10625
2905 1593
2906 3709
2909 9482
2915 2861
2917 2089
2917 2523
2917 3481
2917 10342
2919 6461
2919 8035
2919 12197
2920 3981
2920 7103
2923 6257
2931 10882
2934 6333
2937 3131
2937 7185
2937 9598
2937 10908
2937 13413
2938 6498
2941 7916
2941 10392
2941 12190
2944 1547
2944 3131
2944 6372
2944 6417
2944 7185
2944 8382
2944 9598
2944 13413
2952 3061
2954 782
2961 1170
2961 1378
2961 1549
2961 2012
2961 11278
2961 11441
2961 11753
2964 2227
2964 9215
2967 10538
2968 10260
2972 2669
2972 8336
2977 6724
2977 7263
2977 12103
2988 10081
2991 3428
2991 5098
2991 13330
2995 5200
2995 10640
3006 6561
3006 9028
3013 6905
3015 12842
3021 4384
3021 7822
3021 7940
3043 1386
3043 10408
3048 548
3052 7994
3053 363
3053 947
3053 1267
3053 6990
3053 9134
3053 11443
3053 12538
3053 12680
3055 11079
3068 1895
3071 5404
3071 6810
3077 10321
3078 2745
3078 8144
3078 13213
3080 1676
3080 3899
3081 322
3081 1555
3081 4658
3081 6886
3081 7377
3081 9639
3081 11420
3081 12842
3087 4377
3087 4388
3087 7277
3087 9615
3091 3131
3091 7185
3091 9598
3091 10908
3091 13413
3094 4389
3098 1010
3098 5484
3098 9731
3101 584
3101 2669
3101 11194
3101 12972
3109 1892
3109 2688
3117 1870
3117 2891
3117 3939
3117 4959
3117 12745
3122 3530
3122 3594
3122 4405
3122 4449
3122 7377
3122 9803
3122 12566
3122 12842
3133 2949
3134 1085
3134 1374
3134 4750
3134 11639
3136 2669
3141 707
3147 3681
3147 5693
3147 7322
3147 7705
3149 6016
3163 1215
3163 6887
3170 3635
3170 6725
3170 6990
3170 7605
3184 351
3184 584
3184 6064
3184 6712
3184 8336
3184 8436
3184 8506
3184 10205
3184 11194
3184 12972
3187 2694
3191 406
3191 1002
3191 1439
3200 3546
3200 6251
3200 6779
3201 7593
3201 10260
3201 11554
3201 12063
3207 10598
3211 3530
3211 4405
3211 5792
3211 9639
3211 12686
3211 12842
3219 1352
3219 6848
3224 5342
3224 11964
3231 2817
3231 12076
3233 721
3235 71
3235 303
3235 12358
3236 9503
3236 11593
3240 12941
3241 4551
3243 2817
3243 7375
3243 10640
3245 2669
3247 1038
3247 12117
3255 2800
3255 3899
3263 7796
3276 4169
3276 4361
3276 4853
3276 5157
3276 5448
3276 6550
3276 7387
3276 7732
3276 8210
3276 10132
3276 10921
3277 351
3277 584
3277 8436
3277 10205
3277 11194
3277 12972
3281 6346
3281 9196
3285 1215
3285 1252
3285 2455
3285 7393
3285 8994
3285 9329
3285 11908
3285 12334
3289 7701
3297 2743
3297 6349
3297 9268
3298 5473
3298 7189
3298 9353
3298 9975
3298 10872
3305 12428
3306 1352
3312 5399
3312 11314
3313 1181
3318 2173
3318 9147
3324 185
3324 2959
3324 10160
3324 12607
3325 6498
3327 2669
3328 7121
3328 9236
3328 13446
3329 8257
3334 7988
3334 9679
3334 12831
3337 380
3337 1068
3337 4911
3337 7130
3337 12180
3337 12730
3337 13161
3338 1547
3338 8382
3345 1143
3347 3190
3350 2669
3350 12228
3353 9503
3357 1831
3357 11101
3357 11772
3358 2089
3358 4730
3358 5808
3358 12745
3364 1671
3364 2181
3364 3320
3364 3826
3364 8832
3364 11102
3364 12586
3364 12939
3385 351
3385 2669
3385 3768
3385 11194
3385 12972
3389 2861
3392 12440
3409 6270
3409 12613
3410 1895
3410 5924
3410 9129
3413 11841
3418 3783
3418 5937
3418 7793
3448 7185
3448 9598
3448 10908
3451 7430
3456 7185
3456 9598
3456 13413
3471 9092
3480 2669
3492 8165
3499 5103
3511 915
3511 7554
3511 12760
3511 13079
3515 7185
3515 9598
3515 10908
3515 13413
3518 11701
3532 1555
3532 3530
3532 6819
3532 7377
3532 9639
3532 12686
3532 12842
3537 3545
3537 8576
3537 10625
3537 11885
3546 8506
3554 6726
3554 13344
3559 12578
3562 1903
3562 2518
3562 11894
3566 1319
3567 5475
3568 6830
3569 8511
3575 7633
3586 7638
3600 2669
3602 8328
3602 10878
3602 11478
3603 11360
3609 1489
3609 1641
3609 1740
3609 1899
3609 2313
3609 4198
3609 4613
3609 5353
3609 6418
3609 9094
3609 9226
3609 10222
3609 10773
3609 11303
3609 11305
3609 12684
3609 13282
3610 344
3610 1008
3610 1282
3610 2412
3610 2714
3610 3760
3610 4389
3610 5220
3610 5979
3610 6746
3610 7368
3610 7715
3610 8745
3610 8764
3610 10249
3610 12683
3610 13213
3612 1547
3612 6372
3615 8667
3616 231
3616 427
3616 580
3616 713
3616 922
3616 1257
3616 2828
3616 2974
3616 3051
3616 3576
3616 4169
3616 4268
3616 4361
3616 4853
3616 4922
3616 6298
3616 6418
3616 8210
3616 9046
3616 9952
3616 10854
3616 11836
3616 12652
3616 12783
3616 12813
3622 377
3622 3646
3629 2264
3629 9147
3638 6414
3648 8367
3651 3304
3653 863
3653 3991
3653 4405
3653 5792
3653 9639
3653 12842
3656 584
3656 2669
3657 7793
3662 604
3662 4062
3662 12572
3668 5937
3670 303
3670 1215
3670 2455
3673 2455
3673 2457
3673 5450
3673 5950
3673 6127
3673 8887
3673 9828
3675 29
3675 782
3675 10063
3678 2191
3678 9472
3678 10004
3678 10047
3678 10227
3678 12539
3687 2938
3687 3044
3695 12357
3698 303
3698 1215
3698 6887
3704 1426
3704 1910
3704 2037
3704 2216
3704 2403
3704 3826
3704 3944
3704 4403
3704 4854
3704 4990
3704 5676
3704 5937
3704 6097
3704 6462
3704 6550
3704 7103
3704 7387
3704 7425
3704 9231
3704 9540
3704 9987
3704 10027
3704 11063
3704 11590
3704 11602
3704 12539
3704 13381
3710 723
3710 782
3710 1673
3710 2206
3710 2711
3710 6938
3710 6966
3710 12734
3711 4139
3712 1547
3712 3131
3712 6372
3712 6417
3712 7185
3712 8382
3712 9598
3712 10908
3716 1400
3716 9362
3716 11012
3722 2669
3724 4540
3727 552
3727 1555
3727 3530
3727 6819
3727 9803
3727 12686
3728 2669
3731 964
3732 351
3732 584
3732 2669
3732 8336
3732 8436
3732 8506
3732 9250
3732 10205
3732 11194
3732 12972
3734 6949
3738 5616
3742 10001
3749 5549
3752 584
3752 8436
3752 10205
3759 1547
3759 6372
3759 6417
3759 7186
3759 8382
3766 6724
3766 9196
3766 11432
3766 12103
3776 11287
3777 4945
3785 7245
3819 2669
3819 8206
3819 10342
3819 12566
3820 1779
3820 1870
3820 2089
3820 5498
3820 7075
3820 7263
3820 8220
3820 8843
3820 10003
3820 12569
3820 12745
3821 2089
3825 3131
3825 7185
3825 9598
3825 10908
3825 13413
3830 3401
3830 8035
3830 8118
3834 472
3834 2885
3834 4815
3834 7742
3835 799
3835 1622
3835 4416
3835 10625
3837 11519
3838 159
3838 345
3838 362
3838 438
3838 554
3838 1044
3838 1361
3838 1501
3838 1830
3838 2124
3838 2240
3838 2260
3838 2689
3838 2697
3838 2931
3838 3290
3838 3373
3838 3410
3838 3429
3838 3584
3838 3898
3838 3968
3838 4127
3838 4139
3838 4226
3838 4331
3838 4693
3838 4722
3838 5020
3838 5190
3838 5573
3838 6312
3838 6490
3838 6513
3838 6599
3838 6714
3838 7397
3838 7912
3838 8152
3838 8192
3838 8449
3838 8500
3838 9162
3838 9915
3838 9924
3838 10172
3838 10198
3838 10341
3838 10703
3838 10953
3838 11091
3838 11433
3838 11448
3838 11478
3838 11964
3838 12036
3838 12060
3838 12087
3838 12197
3838 12234
3838 12507
3838 12643
3838 12813
3838 12866
3838 12936
3838 13133
3838 13142
3839 145
3839 217
3839 231
3839 316
3839 410
3839 777
3839 904
3839 1582
3839 1894
3839 1926
3839 2132
3839 2560
3839 2835
3839 3910
3839 3919
3839 4033
3839 4295
3839 4370
3839 4550
3839 4629
3839 4647
3839 4831
3839 5024
3839 5096
3839 5180
3839 5254
3839 5918
3839 6109
3839 6202
3839 6368
3839 6419
3839 6469
3839 6532
3839 6725
3839 6753
3839 7064
3839 7330
3839 7989
3839 8667
3839 8887
3839 8980
3839 9154
3839 9396
3839 9763
3839 10053
3839 10203
3839 10844
3839 11064
3839 11192
3839 11478
3839 11530
3839 11602
3839 11729
3839 11913
3839 12352
3839 12384
3839 12507
3839 12986
3839 13134
3839 13315
3839 13325
3846 1122
3846 6992
3846 12529
3851 9062
3854 5426
3854 9502
3858 9082
3858 9306
3858 11967
3859 6920
3859 8180
3865 548
3865 2173
3865 3601
3865 9147
3865 10294
3868 933
3868 2132
3868 2497
3868 3910
3868 4837
3868 6513
3868 6821
3868 9864
3868 10198
3868 13331
3879 1002
3880 7777
3886 303
3886 1215
3886 2457
3888 3131
3888 7185
3888 9598
3888 10908
3888 13413
3889 6741
3889 10931
3889 11913
3889 12825
3890 4788
3890 4953
3890 12783
3892 8511
3895 3757
3912 3768
3912 6108
3912 10640
3912 10659
3912 12906
3912 13432
3913 7787
3914 10249
3921 351
3921 584
3921 1638
3921 2669
3921 2908
3921 8230
3921 8436
3921 9088
3921 10205
3921 10661
3921 11194
3921 11749
3921 12972
3921 13308
3930 2669
3939 3530
3942 1137
3942 8243
3946 843
3946 4535
3946 8830
3946 11565
3946 12256
3948 1547
3948 5850
3948 6372
3948 6417
3948 8382
3948 8546
3948 10811
3948 12321
3950 308
3950 6359
3950 7356
3950 12628
3956 303
3956 1215
3956 6887
3956 13175
3961 1780
3961 6187
3961 6386
3961 10298
3963 3131
3968 10640
3969 9122
3974 8328
3974 10603
3974 10878
3974 12601
3975 1555
3975 9503
3975 12734
3977 11074
3979 1260
3982 303
3982 1215
3982 3886
3992 1109
3992 1329
3992 2794
3992 3242
3992 3806
3992 8622
3992 9279
3992 11602
3992 13378
3994 8436
3994 8506
3998 10342
4000 5531
4000 6620
4002 9175
4003 6498
4009 4295
4015 3710
4016 3131
4016 7185
4016 9598
4016 10908
4016 13413
4022 1673
4022 10063
4022 11287
4028 1267
4028 2264
4028 9147
4033 3530
4033 4405
4033 6819
4033 9639
4033 12686
4033 12842
4038 9201
4039 482
4039 1092
4039 2166
4039 5263
4039 6210
4039 8559
4039 11817
4039 12852
4044 782
4044 3431
4044 8243
4045 1782
4046 2669
4046 11649
4047 2669
4060 1505
4060 4675
4060 12428
4062 1921
4062 3530
4062 4405
4062 4449
4062 11420
4062 12842
4063 201
4063 303
4063 2455
4065 3427
4067 2669
4077 6498
4085 9227
4085 9411
4092 3886
4092 9828
4092 10775
4104 5937
4106 3428
4106 7915
4109 2112
4109 2555
4109 2938
4109 5040
4109 9763
4109 9864
4109 11578
4109 13286
4117 142
4117 1102
4117 1305
4117 1622
4117 1855
4117 2181
4117 2692
4117 2855
4117 2936
4117 3320
4117 4501
4117 5430
4117 5857
4117 5909
4117 5985
4117 5987
4117 6120
4117 6583
4117 7064
4117 7648
4117 8095
4117 9029
4117 9229
4117 9537
4117 9700
4117 10184
4117 10197
4117 10211
4117 10242
4117 10280
4117 10461
4117 10474
4117 10489
4117 10931
4117 11057
4117 11079
4117 11205
4117 12093
4117 12906
4117 12984
4117 13412
4117 13425
4128 4242
4128 6006
4132 2416
4132 8444
4132 12076
4138 351
4138 584
4138 2669
4138 6064
4138 8336
4138 8436
4138 8506
4138 10205
4138 11194
4138 11749
4138 12972
4138 13308
4141 8254
4142 5484
4149 8254
4152 9842
4153 10007
4153 12857
4165 6151
4165 9730
4169 11687
4171 2398
4175 1307
4175 5104
4175 10626
4177 2669
4178 1181
4178 1319
4178 3391
4178 7381
4178 11441
4178 12132
4191 863
4191 7136
4197 5986
4197 6836
4197 10512
4200 173
4200 6649
4202 10041
4208 10004
4216 3988
4216 4691
4216 5375
4216 5991
4216 7024
4221 2669
4222 127
4222 6994
4232 3686
4232 4976
4232 9148
4232 9271
4232 10805
4234 1549
4234 2644
4234 10503
4234 12451
4234 12831
4241 10236
4242 1547
4242 6417
4242 12321
4248 2046
4248 10068
4256 819
4256 2804
4256 9215
4260 11426
4264 1432
4269 2669
4270 12622
4275 2669
4279 1508
4281 2728
4281 5195
4299 2669
4299 7468
4301 2412
4301 9409
4310 1555
4310 9184
4310 11078
4310 12842
4312 6898
4312 6996
4312 7816
4321 13245
4322 201
4322 1215
4322 2302
4322 6887
4322 9418
4325 9760
4328 2659
4328 6819
4328 10694
4332 1555
4332 11327
4332 12686
4334 4160
4334 6912
4334 11173
4335 9662
4335 12416
4341 2328
4342 2417
4343 3513
4344 6887
4344 9828
4344 11868
4354 5937
4364 406
4364 490
4364 752
4364 1439
4364 1494
4364 2124
4364 2199
4364 2295
4364 2489
4364 2534
4364 2630
4364 2947
4364 3560
4364 3836
4364 4139
4364 4369
4364 4676
4364 4796
4364 4797
4364 4883
4364 5024
4364 5269
4364 5539
4364 5669
4364 5673
4364 5845
4364 6375
4364 6725
4364 7224
4364 7256
4364 8054
4364 8285
4364 8424
4364 8522
4364 8893
4364 8993
4364 9136
4364 9374
4364 9805
4364 10011
4364 10203
4364 10483
4364 10588
4364 10602
4364 10827
4364 11064
4364 11120
4364 11220
4364 11670
4364 12188
4364 12290
4364 13089
4364 13092
4368 3163
4368 6410
4368 12661
4369 12945
4378 10925
4379 3545
4379 7705
4379 8576
4379 10625
4386 3487
4389 584
4389 8336
4389 11194
4399 1673
4399 5348
4399 7031
4399 10063
4409 10260
4410 7377
4413 2373
4413 3709
4413 4523
4413 5116
4413 6709
4413 7611
4413 8582
4413 11685
4413 12096
4413 13421
4426 5417
4426 6059
4426 9746
4426 10004
4431 3404
4431 6887
4431 9828
4431 10775
4433 12923
4433 13058
4439 6990
4439 10602
4441 303
4441 1215
4441 2457
4443 12689
4454 368
4454 5366
4458 1098
4458 1535
4458 1706
4458 5125
4458 10354
4458 12361
4466 3412
4467 3530
4467 6819
4467 9639
4467 9803
4467 11327
4467 12686
4467 12842
4471 9386
4473 9876
4483 4600
4483 6192
4483 11644
4485 4314
4485 8578
4485 10949
4485 12906
4489 7940
4493 2046
4493 4960
4495 8068
4496 2443
4496 3710
4496 7468
4496 9384
4499 5018
4500 2817
4500 10966
4500 12228
4501 502
4501 1490
4501 2623
4501 2841
4501 2980
4501 6253
4501 6299
4501 6469
4501 7466
4501 7542
4501 7845
4501 8026
4501 8054
4501 8685
4501 8786
4501 9174
4501 10489
4501 10977
4501 11210
4501 12162
4501 12238
4501 12844
4501 13089
4516 2993
4516 7800
4516 12977
4522 998
4522 2694
4522 3545
4522 4416
4522 5294
4522 7787
4532 7498
4541 1390
4542 2340
4542 6652
4542 7887
4542 9427
4542 12445
4542 13263
4543 2669
4547 1597
4547 10903
4561 201
4561 1215
4561 2457
4566 303
4566 1215
4568 2669
4573 3742
4574 1676
4574 5016
4574 5822
4574 7168
4574 8156
4574 8328
4574 8587
4574 10004
4574 12033
4577 1200
4577 1248
4577 2278
4577 3404
4577 3603
4577 5541
4577 5975
4577 6851
4577 7911
4577 8410
4577 9658
4577 10775
4577 11119
4577 11423
4579 3530
4579 6819
4583 2234
4592 97
4592 434
4592 11196
4592 12633
4598 351
4598 584
4598 2669
4598 8436
4598 10205
4598 11194
4598 12972
4600 1793
4600 3431
4600 5727
4600 10063
4601 7623
4609 2228
4612 5098
4612 9196
4620 13434
4628 2669
4628 12972
4630 3428
4631 6045
4631 6532
4631 7718
4633 7663
4633 9760
4633 10392
4635 126
4635 445
4635 3094
4635 3154
4635 4036
4635 4889
4635 7005
4635 7023
4635 10017
4635 10104
4635 11416
4635 12278
4635 12557
4642 8670
4646 2151
4647 6976
4647 10361
4652 7185
4653 7305
4661 2669
4667 1555
4667 3530
4667 3702
4667 4405
4667 4455
4667 6819
4667 7377
4667 8120
4667 9639
4667 12842
4668 994
4668 1410
4668 5846
4668 6811
4668 8586
4668 8917
4668 9890
4668 10684
4668 12009
4668 12431
4674 105
4686 432
4686 6920
4686 8180
4686 9834
4686 12970
4691 1555
4691 4405
4691 6819
4691 7377
4691 9639
4691 12686
4691 12842
4695 5278
4695 7525
4695 8068
4699 2412
4699 4252
4699 7552
4699 9409
4699 10661
4709 6064
4709 6712
4709 8336
4709 8506
4709 10829
4710 7018
4712 10640
4718 2669
4719 45
4719 1155
4719 1164
4719 1676
4719 1685
4719 2005
4719 4772
4719 4831
4719 6097
4719 6549
4719 7204
4719 9543
4719 10004
4719 10206
4719 12238
4719 12849
4731 351
4731 2669
4731 11194
4731 12972
4739 482
4739 542
4739 6819
4739 9585
4739 12851
4743 1215
4745 4722
4756 866
4756 3163
4756 10091
4757 2523
4757 8578
4757 12076
4757 12190
4764 1303
4764 2077
4764 3976
4764 4302
4764 4631
4764 7940
4764 8585
4764 12532
4769 3875
4771 3670
4773 1264
4773 8578
4773 9760
4785 1547
4785 3131
4785 6372
4785 7185
4785 8382
4785 9598
4785 10908
4785 13413
4792 782
4792 7031
4793 5643
4793 7999
4793 9977
4808 2089
4808 3939
4808 4953
4808 10091
4808 12076
4815 2443
4825 1837
4825 3311
4825 4551
4825 8622
4825 11353
4833 3891
4834 3201
4834 3824
4834 4797
4834 7334
4839 9400
4842 1300
4842 5175
4842 9029
4842 12984
4842 13365
4843 4242
4852 523
4852 2212
4852 4535
4852 5701
4852 6132
4852 6278
4852 6726
4852 8358
4852 10007
4852 11103
4852 11358
4852 12878
4853 2412
4853 9409
4854 5849
4856 2089
4856 4152
4856 4955
4856 10249
4857 2694
4863 3649
4863 6991
4863 10640
4863 11194
4863 12972
4865 13381
4867 791
4867 2353
4867 2445
4867 2937
4867 2955
4867 3534
4867 5226
4867 5252
4867 5772
4867 5846
4867 6968
4867 7516
4867 8010
4867 8754
4867 8803
4867 9309
4867 9730
4867 10310
4867 11181
4867 13284
4873 1826
4873 2659
4873 2936
4873 3295
4873 3590
4873 4513
4873 5725
4873 6127
4873 7742
4873 12847
4875 9201
4875 12580
4881 10275
4891 1505
4891 12428
4894 13127
4911 2409
4911 4675
4913 458
4913 9831
4914 12623
4918 2722
4919 2679
4919 4614
4919 4853
4919 10132
4919 11663
4921 2443
4921 10640
4922 10097
4933 3868
4933 8843
4934 8057
4934 9335
4934 10619
4934 11558
4934 11722
4934 12273
4934 12542
4939 485
4939 8578
4939 9760
4939 12200
4941 2669
4943 3868
4947 2841
4947 2980
4947 3092
4947 3311
4947 4758
4947 5152
4947 5549
4947 6821
4947 7491
4947 8098
4947 9431
4947 9990
4947 10850
4947 11404
4947 11416
4947 11755
4947 11761
4947 12315
4947 13325
4950 4263
4950 11985
4951 3495
4951 3554
4951 5014
4951 5157
4951 6220
4951 6314
4951 6550
4951 7319
4951 7732
4951 8210
4951 9182
4951 9521
4951 10132
4975 647
4980 1437
4980 2563
4989 782
4989 1555
4989 11593
4992 7146
4992 9144
4994 5596
4994 6920
4994 8180
4994 12532
5009 4416
5009 7701
5009 7705
5009 7955
5011 584
5011 9981
5011 12972
5013 2812
5013 5748
5013 6920
5013 6996
5013 8180
5013 12117
5013 13450
5015 12439
5017 9259
5019 240
5019 1535
5019 7034
5019 12572
5037 5473
5039 12431
5048 8159
5051 303
5058 5290
5058 12384
5063 10003
5068 886
5068 8032
5069 8633
5072 303
5072 1200
5072 2302
5072 2455
5072 6887
5072 11400
5074 3131
5074 7185
5074 9598
5074 13413
5079 4647
5079 4928
5090 1555
5090 5348
5090 7031
5090 9077
5090 11593
5090 12734
5093 5986
5093 12768
5101 2669
5102 584
5102 1052
5102 6064
5102 6801
5102 8336
5102 8506
5102 11194
5102 12972
5107 6498
5110 12199
5113 3481
5118 3530
5118 4405
5118 9639
5118 12686
5118 12842
5121 1816
5121 1911
5121 2199
5121 3220
5121 3819
5121 4324
5121 4613
5121 5649
5121 6016
5121 6741
5121 6867
5121 6876
5121 8054
5121 8383
5121 9191
5121 11139
5121 11850
5121 12618
5121 13331
5131 9502
5137 1709
5137 6082
5137 12128
5144 10004
5147 4688
5147 6996
5147 8007
5153 693
5154 1558
5154 4704
5154 5931
5154 9870
5156 5005
5158 9259
5169 6741
5169 8254
5169 9970
5170 11404
5181 1234
5181 9088
5181 12117
5199 5254
5206 1215
5206 2455
5206 6887
5207 9503
5207 9548
5209 9259
5212 9665
5214 672
5214 1726
5214 2841
5214 4532
5214 5359
5214 8786
5214 11576
5223 3530
5223 9639
5223 11420
5223 12686
5223 12842
5229 9144
5231 2785
5231 3341
5231 8578
5231 9556
5231 10512
5231 12695
5234 8073
5234 8838
5234 10004
5240 3376
5240 9503
5246 2669
5251 758
5252 351
5252 584
5252 6064
5252 6712
5252 8336
5252 8436
5252 8506
5252 10205
5266 1215
5266 2455
5266 3886
5268 2669
5278 4387
5278 10135
5290 3131
5290 7185
5290 9598
5290 10908
5290 13413
5293 209
5293 13330
5296 9876
5304 5899
5304 8043
5304 13462
5305 9120
5317 3675
5317 11064
5325 1540
5325 1963
5325 2071
5325 2263
5325 2862
5325 4364
5325 4688
5325 11836
5326 3131
5326 7185
5326 9598
5326 10908
5326 12321
5326 13413
5331 8787
5354 351
5354 1052
5354 6064
5354 6712
5354 6801
5354 8336
5354 8436
5354 8506
5354 9384
5354 9435
5354 10205
5358 5116
5358 10180
5359 1779
5359 2669
5362 2089
5362 2817
5363 12475
5366 852
5366 1172
5373 6064
5373 6712
5373 8336
5373 8506
5382 5194
5384 4834
5384 8381
5384 13041
5397 4551
5397 5986
5399 2669
5403 3057
5408 584
5408 2934
5408 5601
5408 7552
5408 10205
5408 11194
5410 4599
5418 303
5418 1215
5418 6887
5419 351
5419 584
5419 2669
5419 8436
5419 10205
5419 11194
5421 12825
5422 2669
5429 10017
5432 3361
5439 673
5440 4236
5449 5359
5449 13134
5452 97
5452 5986
5452 8702
5452 10829
5467 3463
5467 4730
5467 8338
5467 10640
5468 2669
5479 178
5479 7505
5481 1726
5481 2543
5481 5226
5481 5393
5481 5927
5481 7121
5481 7638
5481 8333
5481 10759
5481 11620
5486 9144
5487 201
5487 303
5487 3412
5494 351
5494 584
5494 4252
5494 7175
5494 7552
5494 8436
5494 10205
5494 10661
5494 11194
5497 7310
5499 2363
5499 2455
5499 3412
5499 3597
5499 3886
5499 8953
5499 8994
5499 9126
5499 10176
5499 10560
5499 11521
5499 12099
5506 5338
5511 3530
5511 6819
5513 4655
5517 7389
5517 10949
5517 11778
5518 3481
5518 11662
5523 2906
5526 2682
5543 1840
5543 8724
5543 9890
5543 11637
5543 12958
5549 4704
5551 6887
5557 351
5557 584
5557 1638
5557 2110
5557 2129
5557 2669
5557 2908
5557 3988
5557 4283
5557 5375
5557 6301
5557 6735
5557 6859
5557 8230
5557 8436
5557 8506
5557 10205
5557 11183
5557 11194
5557 11275
5557 11749
5557 11896
5557 12117
5557 12972
5557 13308
5563 202
5563 520
5563 1176
5563 1580
5563 1768
5563 2084
5563 2191
5563 2466
5563 2623
5563 2804
5563 3554
5563 4257
5563 4600
5563 4820
5563 4945
5563 5195
5563 5278
5563 5338
5563 5874
5563 5974
5563 6055
5563 6086
5563 6192
5563 6550
5563 6902
5563 7042
5563 7520
5563 7525
5563 8328
5563 8937
5563 9117
5563 9472
5563 9610
5563 9933
5563 10047
5563 10206
5563 10428
5563 10762
5563 11406
5565 6498
5578 2669
5580 677
5585 5096
5589 3530
5589 4405
5589 6819
5589 9639
5589 11420
5589 12686
5589 12842
5599 811
5599 10515
5599 12847
5610 303
5610 1215
5610 6887
5611 4551
5616 2324
5628 10041
5636 303
5636 1215
5636 6887
5639 2669
5643 2576
5643 4954
5643 9020
5643 9872
5651 1694
5651 2138
5651 4976
5652 7940
5652 9144
5662 3431
5665 303
5665 2457
5665 12358
5668 1505
5668 4675
5668 9808
5668 12428
5670 11330
5675 2669
5685 2443
5685 5030
5685 10054
5689 5207
5695 6819
5695 7377
5695 12842
5696 992
5696 3335
5696 3530
5696 5727
5696 5792
5696 7377
5696 9639
5696 12842
5706 201
5706 2457
5706 2996
5706 12358
5713 3530
5713 9639
5721 2669
5741 3586
5741 4118
5741 5574
5741 7055
5741 7101
5741 7305
5741 7532
5741 7800
5741 8415
5741 10332
5741 10515
5741 11934
5741 12045
5741 12976
5741 13156
5749 3754
5749 4316
5749 6310
5749 13027
5750 2809
5751 13286
5756 2900
5756 9414
5760 12842
5761 303
5761 6887
5761 9828
5764 1555
5764 3530
5764 3702
5764 4405
5764 4455
5764 7377
5764 12842
5771 3407
5773 351
5773 584
5773 5877
5773 8436
5773 10205
5773 11194
5785 584
5785 12906
5785 12972
5786 5027
5792 3886
5793 2885
5793 6609
5793 8010
5793 8180
5793 13450
5803 10685
5803 12076
5808 1524
5808 3306
5808 4340
5808 9154
5808 12775
5813 11727
5817 975
5817 6724
5830 2669
5832 173
5832 973
5832 2177
5832 3407
5832 3657
5832 4535
5832 7094
5832 7796
5832 11726
5832 12256
5832 13364
5835 2669
5848 6513
5849 2669
5857 2669
5870 12907
5879 11037
5890 6832
5890 9679
5893 5950
5894 600
5898 3313
5898 12532
5900 443
5900 1934
5900 12925
5906 427
5906 1505
5906 4242
5906 4675
5906 9144
5906 12428
5908 3096
5913 4091
5913 10937
5913 13293
5916 11230
5921 351
5921 584
5921 8436
5921 10205
5921 12972
5923 10054
5931 2089
5931 10949
5940 782
5940 1555
5947 2630
5947 12283
5956 6498
5960 3131
5960 7185
5960 9598
5960 10908
5960 13413
5961 12469
5962 2669
5962 4252
5962 7175
5962 7552
5962 10661
5962 10845
5965 4976
5965 5038
5965 7403
5965 8653
5965 9271
5965 11162
5965 11200
5965 12990
5969 9414
5971 7940
5974 4165
5974 6438
5981 38
5981 427
5981 1477
5981 4927
5981 7940
5981 8434
5981 8999
5981 12446
5981 12462
5983 8204
5987 1580
5987 2360
5987 4820
5987 4963
5987 5278
5987 5417
5987 5610
5987 7042
5987 7391
5987 8544
5987 11836
5987 12806
5987 13008
5987 13387
5991 2085
5995 12406
6001 5323
6001 9986
6001 10369
6003 1547
6003 6372
6003 6417
6003 7186
6003 8382
6004 2669
6007 2669
6007 2908
6007 6064
6007 8336
6007 8506
6007 11183
6007 11749
6007 13308
6010 852
6010 866
6010 1225
6010 3086
6010 8563
6010 9630
6010 12745
6014 1573
6017 12947
6030 3131
6030 7185
6030 9598
6030 10908
6030 13413
6031 6328
6031 11758
6032 1386
6032 1618
6032 2714
6032 3554
6032 3657
6032 3760
6032 5157
6032 5249
6032 5937
6032 5985
6032 6086
6032 7732
6032 8665
6032 8829
6032 10249
6032 10408
6032 11092
6032 11569
6032 13222
6042 1225
6042 7131
6042 10091
6047 2841
6054 1974
6054 3290
6054 5926
6054 10199
6054 11373
6058 9648
6059 6220
6059 13035
6066 1327
6073 5020
6085 2441
6085 6380
6085 7738
6085 10403
6088 9982
6088 10036
6088 11221
6088 12088
6096 103
6096 1921
6100 3530
6100 6819
6110 440
6110 3546
6110 4081
6110 4861
6110 4945
6110 7525
6110 10556
6110 10664
6112 1555
6112 6038
6112 9214
6112 9750
6118 7701
6128 1580
6128 1815
6128 4491
6128 4820
6128 10563
6128 13035
6132 2417
6134 1941
6134 3950
6134 5849
6134 9697
6137 201
6137 303
6137 1215
6137 2457
6137 6887
6139 351
6139 8436
6139 10205
6143 5877
6144 1870
6144 7611
6144 8561
6144 9265
6144 11519
6144 12745
6149 647
6149 8219
6149 11056
6150 12223
6152 7789
6163 2059
6164 10742
6166 336
6166 1148
6166 1363
6166 4073
6166 4352
6166 6905
6166 10273
6166 11173
6166 11711
6166 11933
6166 12323
6167 6498
6177 6414
6177 7830
6177 9077
6177 11593
6178 7162
6181 10659
6188 4524
6189 3131
6189 5850
6189 7185
6189 8546
6189 9598
6189 10811
6189 10908
6189 13413
6191 9869
6191 11233
6202 325
6202 11552
6204 2576
6204 6621
6204 13075
6206 3061
6206 10759
6210 9144
6213 2885
6213 3971
6220 3131
6220 6372
6220 6417
6220 7185
6220 9598
6220 11736
6220 13413
6226 7031
6226 9077
6232 316
6232 1303
6232 1359
6232 1590
6232 3668
6232 4295
6232 4899
6232 5879
6232 7445
6232 8031
6232 8522
6232 11139
6232 11793
6232 12786
6232 13382
6248 584
6248 2669
6248 6064
6248 8336
6248 10205
6248 11194
6263 7715
6263 9463
6263 12716
6264 11162
6264 12117
6264 12983
6268 6621
6269 8506
6269 12972
6271 7146
6271 9315
6289 10218
6294 3913
6294 4347
6294 8417
6295 7018
6295 7075
6295 8578
6300 6064
6300 6712
6300 8336
6300 8506
6316 2669
6321 8816
6321 9872
6334 10493
6334 12745
6335 3431
6335 5727
6337 45
6337 12993
6338 1505
6338 4675
6338 5351
6338 7283
6338 12428
6344 2841
6346 1783
6346 4405
6346 8856
6346 10183
6346 12842
6352 2510
6352 3516
6352 5152
6352 5220
6352 8433
6352 8745
6352 9463
6352 10249
6356 11899
6356 12739
6359 693
6359 13047
6360 6819
6360 12842
6361 2669
6363 440
6363 1542
6363 1931
6363 1952
6363 2138
6363 4081
6363 7520
6363 8537
6363 8937
6363 11644
6364 303
6364 1215
6364 3404
6366 6441
6375 584
6375 11194
6375 12972
6383 2669
6396 2101
6396 4173
6396 4792
6396 8525
6396 12552
6400 2669
6400 4252
6400 7552
6400 10661
6400 10845
6406 782
6411 6508
6419 2077
6419 3639
6419 4758
6419 5531
6419 5969
6419 7183
6419 9767
6419 9924
6419 12690
6419 13215
6420 1499
6420 2260
6420 4965
6420 5531
6420 5548
6420 11674
6420 12449
6420 13343
6426 10260
6426 12686
6426 12727
6429 1685
6429 3290
6429 11404
6437 11194
6437 12972
6456 5986
6456 6836
6456 10759
6456 12103
6461 6920
6461 7058
6461 8180
6461 8361
6462 10913
6462 12396
6463 3431
6463 9077
6473 7151
6479 1555
6479 1783
6479 2379
6479 3431
6479 3530
6479 3702
6479 4405
6479 4449
6479 9639
6479 9803
6479 11327
6479 12842
6481 303
6481 1215
6481 2455
6487 337
6487 529
6487 538
6487 922
6487 1110
6487 1399
6487 1524
6487 1926
6487 2132
6487 2540
6487 2828
6487 2938
6487 3220
6487 3221
6487 3306
6487 3527
6487 4033
6487 4324
6487 4613
6487 4647
6487 4722
6487 4799
6487 4965
6487 5342
6487 5351
6487 5404
6487 6440
6487 6490
6487 6513
6487 6527
6487 6583
6487 6643
6487 7064
6487 7224
6487 7549
6487 7600
6487 7605
6487 7940
6487 8383
6487 9144
6487 9154
6487 10228
6487 10241
6487 10709
6487 10757
6487 11443
6487 11478
6487 11527
6487 11924
6487 11931
6487 12047
6487 12167
6487 12283
6487 12290
6487 12449
6487 12652
6487 12684
6487 12690
6487 12813
6487 13253
6488 441
6488 5359
6488 8913
6489 2089
6489 3868
6491 12298
6497 3610
6502 2669
6507 3530
6507 4405
6507 6226
6507 6819
6507 9639
6507 11420
6507 12686
6507 12842
6508 2990
6514 2669
6515 12633
6519 1910
6519 2443
6519 9414
6523 7667
6526 1871
6526 2880
6526 3628
6526 3939
6526 8578
6526 9760
6537 1064
6537 2341
6537 4136
6537 4460
6537 4600
6537 5382
6537 5485
6537 6192
6537 6582
6537 7520
6537 7658
6537 9106
6537 9704
6537 11470
6537 11644
6537 12217
6537 12552
6538 3632
6538 4529
6538 9578
6539 1119
6542 3530
6542 4405
6542 5792
6542 6819
6542 9639
6542 11420
6542 12686
6542 12842
6551 2443
6551 2990
6551 3710
6551 6011
6551 11957
6551 13127
6557 3856
6557 7203
6557 10232
6557 11073
6559 3067
6562 3991
6562 5218
6562 8563
6562 8669
6562 9630
6562 10493
6562 13432
6566 1547
6566 6417
6566 8382
6566 12321
6568 7889
6574 679
6574 1565
6574 1817
6574 2021
6574 3131
6574 3864
6574 4169
6574 4526
6574 5134
6574 5449
6574 5826
6574 6152
6574 6295
6574 6483
6574 6692
6574 7059
6574 7277
6574 7334
6574 7477
6574 7714
6574 7821
6574 7891
6574 8532
6574 8602
6574 8690
6574 8914
6574 9182
6574 9544
6574 9677
6574 9786
6574 10610
6574 10766
6574 10921
6574 10954
6574 10995
6574 11285
6574 11927
6574 11968
6574 12246
6574 12321
6574 12466
6574 12619
6574 12633
6574 12701
6574 13081
6575 2669
6589 3899
6591 6830
6591 11561
6591 11791
6591 12633
6591 13127
6600 2086
6603 12352
6605 2328
6610 3509
6610 5468
6610 6687
6610 6730
6610 7176
6610 7391
6610 9519
6610 11918
6610 12167
6610 12696
6611 3530
6611 9639
6611 12686
6611 12842
6612 1258
6612 2089
6612 12076
6615 4647
6618 7199
6631 7129
6642 6359
6643 380
6643 9019
6643 12298
6643 12991
6644 4886
6652 1260
6655 2669
6668 2955
6669 2669
6669 7075
6672 9760
6675 5766
6675 6977
6675 6994
6675 7204
6675 8580
6675 8810
6675 9786
6675 10388
6675 12885
6677 3083
6677 3530
6677 7494
6677 11420
6677 11649
6677 12458
6679 4598
6683 8011
6684 3371
6685 1319
6685 3428
6685 6735
6685 10054
6685 10845
6687 2726
6691 4011
6691 5621
6691 6217
6691 7468
6697 2037
6706 5728
6712 11531
6714 3806
6714 7923
6717 3131
6717 7185
6717 9598
6717 10908
6717 13413
6723 5834
6723 6187
6723 11105
6740 12972
6743 2817
6743 3428
6743 7951
6743 9870
6759 6425
6769 6372
6769 6417
6769 8382
6787 7168
6787 7940
6790 303
6790 1215
6790 2455
6793 303
6793 1215
6793 6887
6799 5806
6799 10606
6804 7491
6821 11519
6829 6498
6830 7051
6836 5105
6837 2861
6839 2669
6840 9016
6844 4831
6849 2669
6855 7789
6863 351
6863 584
6863 5398
6863 8436
6863 10205
6863 11194
6863 12972
6871 3047
6871 9941
6871 13188
6874 7185
6875 4091
6875 4712
6875 8522
6878 3347
6878 13194
6885 3131
6885 7185
6885 9598
6885 10908
6885 13413
6891 5159
6891 10421
6891 13239
6901 6131
6909 360
6909 633
6909 1001
6909 2727
6909 2895
6909 3262
6909 8307
6909 8311
6909 8827
6909 10108
6909 11795
6910 5958
6910 12266
6914 2669
6925 696
6925 3177
6925 8876
6925 11649
6926 6124
6927 1834
6927 2669
6927 11194
6929 629
6929 652
6929 2067
6929 2949
6929 4216
6929 5157
6929 5254
6929 5937
6929 8489
6929 8549
6929 9556
6929 10878
6929 12587
6929 13247
6931 2669
6931 8436
6931 11194
6935 2669
6938 12814
6941 11565
6943 9639
6944 4062
6949 303
6949 3886
6949 6887
6960 2795
6960 5157
6960 9427
6966 7510
6966 10452
6966 12128
6966 12572
6967 8587
6969 1166
6969 2807
6970 4252
6970 7175
6970 7552
6970 10661
6970 10669
6971 2726
6971 7238
6977 325
6977 4400
6978 3601
6982 214
6982 7705
6982 11362
6982 12324
6985 2669
6989 7067
6990 3530
6990 6819
6990 9639
6990 12686
6990 12842
6999 10789
7010 2669
7011 7556
7016 11836
7017 4062
7017 12269
7019 584
7019 5877
7022 4140
7022 5375
7022 7715
7022 9463
7022 10249
7025 1773
7032 1476
7039 418
7039 728
7039 4436
7039 9154
7039 11443
7039 13389
7040 4792
7040 5290
7040 9596
7040 11576
7048 3759
7048 10606
7053 2083
7053 7611
7054 2189
7054 3481
7054 3868
7054 7789
7054 9630
7061 2669
7063 3873
7063 6550
7063 11755
7064 351
7064 584
7064 2934
7064 4252
7064 7552
7064 8436
7064 10205
7064 10661
7064 10669
7064 11194
7064 12419
7064 12972
7072 3868
7072 7018
7072 9259
7079 6898
7082 575
7082 11885
7087 2861
7090 552
7090 1555
7090 2379
7090 3530
7090 4405
7090 4455
7090 6819
7090 11327
7091 6298
7092 2407
7092 11642
7092 11832
7094 11226
7098 1577
7098 2386
7098 3405
7098 3650
7098 4366
7098 9890
7098 12333
7112 784
7112 1787
7112 2313
7112 5863
7112 6876
7112 9767
7112 10011
7112 10172
7112 10341
7112 12180
7115 1757
7115 3409
7115 7402
7115 11584
7115 12686
7115 12842
7116 2782
7116 12362
7117 3899
7118 3639
7118 4558
7118 4798
7118 5147
7118 7288
7118 8202
7118 8254
7118 9555
7118 9683
7118 9805
7118 11607
7118 12696
7118 12789
7119 6029
7123 214
7123 325
7123 6735
7130 11108
7135 2885
7135 3971
7135 5250
7145 1555
7145 7377
7147 11958
7149 4501
7149 5708
7154 1555
7154 3530
7154 4449
7154 5200
7154 7377
7154 12842
7168 2089
7168 2443
7168 7468
7168 12906
7169 6064
7169 6712
7169 8336
7169 8506
7171 2804
7171 6864
7177 9196
7177 13330
7193 3264
7193 3774
7193 4722
7193 11924
7193 12775
7196 8465
7196 8622
7196 11404
7199 7109
7202 1199
7202 5496
7202 9760
7202 11404
7203 8506
7210 7018
7210 9259
7216 739
7218 2455
7218 3886
7218 11521
7222 12686
7235 5438
7235 8275
7237 8943
7237 12807
7244 235
7244 6320
7244 13211
7250 9497
7252 8511
7252 9720
7252 11000
7253 1547
7253 3131
7253 6372
7253 6417
7253 7185
7253 8382
7253 9598
7253 10908
7253 13413
7254 4722
7254 13378
7270 782
7270 12734
7283 7780
7286 1279
7286 6832
7293 1505
7293 7940
7293 9315
7293 12529
7294 1928
7300 11998
7300 13284
7311 9970
7311 11120
7311 12558
7311 12825
7323 351
7323 2669
7323 2934
7323 5877
7323 10669
7323 11194
7323 12419
7327 1052
7327 1406
7327 2669
7327 4792
7327 5869
7327 6064
7327 6735
7327 6801
7327 7129
7327 8336
7327 8436
7327 8506
7327 12286
7327 12594
7336 3981
7336 6806
7336 8563
7336 10657
7336 11973
7336 12451
7336 12831
7337 1693
7337 9187
7341 2669
7345 6020
7345 6414
7366 6132
7370 669
7370 5139
7370 5225
7370 7170
7370 10054
7373 1825
7373 2170
7373 2585
7373 5675
7373 12607
7382 5986
7382 8702
7392 9864
7392 13081
7401 4186
7401 9886
7401 9900
7401 10083
7401 11309
7407 8383
7409 1048
7409 1241
7409 3537
7409 5055
7409 7911
7409 12679
7413 955
7413 2496
7413 11099
7413 13374
7422 3707
7422 9306
7423 1555
7423 3530
7423 7377
7423 7617
7423 9639
7423 11327
7423 11963
7423 12686
7423 12842
7426 10450
7431 2694
7436 8581
7445 936
7445 7663
7445 8677
7445 12190
7453 371
7453 718
7453 2202
7453 3899
7453 4222
7453 6698
7453 8328
7453 10047
7456 4692
7456 5083
7461 12844
7463 1500
7463 8634
7463 11767
7466 7292
7468 3131
7468 7185
7468 9598
7468 9731
7468 10908
7468 12842
7468 13413
7469 3530
7469 6770
7469 7619
7469 9639
7469 11649
7469 11700
7469 12686
7469 13456
7471 584
7471 10205
7471 11194
7485 6819
7500 351
7500 584
7500 2669
7500 2934
7500 4252
7500 7552
7500 8436
7500 10205
7500 10661
7500 10669
7500 10845
7500 11194
7500 12419
7500 12566
7500 12972
7509 5924
7511 3700
7511 6369
7524 427
7524 4797
7529 12533
7533 12904
7535 11088
7538 3538
7538 3868
7538 7075
7538 9630
7542 1547
7542 6372
7542 6417
7542 8382
7546 1547
7546 6372
7546 6417
7546 8382
7546 9598
7551 8887
7551 8980
7552 2669
7557 2568
7557 5988
7557 8449
7557 9672
7558 2392
7558 5340
7558 5761
7558 5937
7558 6762
7558 7252
7558 7312
7558 7334
7558 7462
7558 7919
7558 8840
7558 9376
7558 9561
7558 9661
7558 10433
7558 11713
7558 12186
7558 12273
7573 3177
7573 7075
7573 9380
7573 12077
7577 1505
7578 6686
7578 8180
7578 9886
7578 11298
7580 198
7580 518
7580 2825
7580 3976
7580 4242
7580 6786
7580 6974
7580 8905
7580 11220
7580 12298
7580 12428
7580 12629
7583 3635
7583 4762
7583 6312
7584 8563
7589 2328
7597 11961
7602 4405
7611 128
7613 10919
7615 2505
7615 2523
7615 5028
7615 8511
7615 10342
7615 10713
7615 12906
7618 1736
7618 1817
7618 2968
7618 3564
7618 4629
7618 4868
7618 6917
7618 7183
7618 7334
7618 7615
7618 8532
7618 13036
7627 9760
7631 555
7631 5905
7631 6410
7631 9651
7631 9929
7639 3392
7639 3615
7639 4803
7639 6015
7639 7314
7650 427
7653 6498
7656 5927
7657 436
7657 3530
7657 9639
7660 2817
7660 7389
7660 11778
7660 11973
7664 2911
7665 351
7665 584
7665 8436
7665 10205
7665 11194
7666 1547
7666 6372
7666 6417
7666 8382
7678 2669
7678 7552
7678 8506
7684 3131
7684 7185
7684 9598
7684 10908
7684 12321
7684 13413
7688 4242
7693 5981
7693 8982
7693 10097
7693 13019
7697 71
7697 303
7697 6887
7698 11057
7704 2346
7712 2885
7712 3971
7712 6415
7715 1199
7715 7103
7715 10303
7715 11736
7716 525
7716 2029
7716 6920
7716 7261
7716 8700
7716 11818
7716 12686
7731 3215
7736 11314
7739 3530
7739 10694
7739 12686
7749 11050
7750 2669
7751 12337
7760 2582
7760 10673
7766 4257
7769 1555
7769 5792
7769 6941
7769 7377
7769 9639
7769 12686
7769 12842
7787 4999
7788 1580
7788 1676
7788 1815
7788 1931
7788 4945
7788 5207
7788 5360
7788 6503
7788 7525
7788 7530
7788 8328
7788 9117
7788 10284
7788 10533
7788 10679
7788 11576
7788 11727
7794 3379
7795 1595
7795 8355
7795 12816
7797 7695
7803 2089
7803 12745
7810 4499
7810 4853
7810 12844
7812 8578
7812 9760
7813 383
7816 2443
7816 5986
7816 7468
7816 8702
7820 863
7820 2861
7820 9311
7820 11692
7822 7532
7828 2669
7828 12428
7833 1281
7833 1437
7833 2331
7833 5098
7833 6561
7833 9196
7833 12857
7834 11431
7842 4367
7842 12298
7843 71
7843 1048
7843 1200
7843 6362
7843 8410
7843 9828
7843 11868
7850 3392
7852 1555
7852 4405
7852 6941
7852 7377
7852 11420
7854 1547
7854 3131
7854 6372
7854 6417
7854 7185
7854 8382
7854 9598
7854 10908
7854 12321
7854 13413
7856 9864
7862 6518
7862 6778
7862 12238
7870 9154
7870 9358
7870 12428
7896 2256
7896 4540
7896 9147
7907 1638
7907 2908
7907 8230
7907 11749
7907 13308
7911 2246
7911 11957
7911 13127
7916 7505
7916 7727
7916 9149
7928 9144
7931 1478
7931 3431
7931 3530
7931 4405
7931 4455
7931 6819
7931 7617
7931 9639
7931 12842
7935 5717
7937 1505
7937 2905
7937 4068
7937 4675
7937 8254
7937 9315
7937 10777
7937 12298
7937 12428
7937 13089
7938 1555
7938 3530
7938 4405
7938 4449
7938 6819
7938 9639
7938 11327
7938 12686
7939 8202
7939 12283
7946 2669
7955 6741
7957 2804
7957 4629
7957 11431
7957 12756
7967 1248
7967 5281
7967 5624
7967 11172
7978 2669
7982 202
7982 794
7982 8273
7982 10182
7982 11765
7982 12331
7987 12405
8000 3177
8000 12357
8000 12716
8005 3431
8005 5727
8008 7121
8010 351
8010 584
8010 5877
8010 8436
8010 10205
8013 584
8013 8436
8013 10205
8013 11194
8017 66
8017 130
8017 337
8017 565
8017 2078
8017 3027
8017 3990
8017 4115
8017 5020
8017 5548
8017 5813
8017 6729
8017 6866
8017 6931
8017 7201
8017 8497
8017 8826
8017 9837
8017 10050
8017 12298
8017 12696
8019 943
8019 2751
8019 3180
8019 4748
8019 4797
8019 6019
8019 6550
8019 11426
8019 11910
8027 2669
8033 5986
8033 6836
8037 4657
8042 12190
8046 2669
8046 11194
8047 1505
8047 4242
8047 4675
8047 7940
8047 12428
8052 12159
8052 12572
8053 8301
8065 584
8065 2669
8070 482
8070 4416
8076 2669
8081 4367
8084 6498
8084 11074
8085 287
8090 351
8090 1638
8090 2412
8090 2908
8090 8230
8090 9409
8090 11194
8090 11749
8098 2817
8098 7131
8098 8563
8098 8843
8099 733
8099 4324
8099 5342
8099 5864
8099 7487
8099 11220
8100 7334
8100 8387
8100 11020
8104 2669
8108 5714
8116 2669
8118 6976
8121 9384
8123 6712
8125 3530
8125 4405
8125 6819
8125 9639
8125 12686
8125 12842
8132 5667
8133 1505
8133 7940
8133 12428
8137 201
8137 303
8137 1215
8141 7873
8142 303
8142 1215
8142 11521
8148 198
8148 1505
8148 3261
8148 3898
8148 4408
8148 6572
8148 12406
8148 12825
8158 351
8158 584
8158 8436
8158 10205
8158 10582
8158 11194
8158 12972
8159 1390
8159 6132
8159 10041
8168 8511
8168 10640
8180 6498
8186 2410
8186 8459
8194 2701
8197 9156
8202 7232
8202 11338
8207 2256
8207 10294
8211 351
8211 584
8211 2669
8211 8436
8211 10205
8211 11194
8211 12972
8212 10041
8218 5846
8218 7505
8218 9890
8222 1694
8224 4002
8224 6574
8224 7762
8224 11284
8224 12534
8228 9760
8230 3886
8236 1547
8236 3131
8236 6372
8236 6417
8236 7185
8236 8382
8236 9598
8236 10908
8236 13413
8240 10560
8241 303
8241 1215
8241 2455
8243 6498
8261 442
8261 721
8261 1849
8261 1956
8261 2604
8261 2992
8261 2993
8261 3127
8261 4304
8261 5750
8261 5959
8261 5972
8261 6258
8261 6584
8261 7058
8261 7223
8261 8128
8261 8459
8261 10055
8261 10216
8261 10319
8261 11231
8261 11840
8261 12722
8264 2959
8267 2416
8267 8505
8267 8578
8267 9760
8267 12532
8284 866
8284 9760
8284 10091
8288 2949
8288 4647
8289 1508
8290 9543
8307 6417
8307 8563
8307 12844
8310 1211
8322 6498
8330 201
8330 303
8330 1215
8331 303
8331 1215
8331 2455
8331 3404
8331 6887
8336 282
8336 577
8336 752
8336 1787
8336 3096
8336 3527
8336 3759
8336 4302
8336 5876
8336 9315
8336 11850
8336 12081
8336 12283
8336 12558
8336 13133
8341 3530
8341 4726
8341 6521
8341 6819
8341 8063
8341 9344
8341 10694
8341 12537
8341 12686
8345 3131
8345 7185
8345 9598
8345 10908
8345 13413
8347 1736
8347 1817
8347 3284
8347 3554
8347 3915
8347 5414
8347 7391
8347 8179
8347 8387
8348 2246
8348 6011
8348 9196
8348 11791
8348 13127
8351 2669
8354 4228
8354 6414
8364 5573
8364 5969
8364 8202
8365 5426
8365 11193
8375 895
8375 1471
8375 2412
8375 2483
8375 3230
8375 3686
8375 10041
8375 10555
8375 10640
8375 10659
8377 2530
8377 5137
8377 8578
8377 9760
8380 5531
8380 8479
8384 1135
8384 10440
8393 2669
8393 8336
8393 8506
8395 6564
8398 1048
8400 2381
8400 8525
8400 9106
8400 11173
8400 13035
8402 198
8402 518
8402 819
8402 1439
8402 1560
8402 3732
8402 5342
8402 5649
8402 6992
8402 7256
8402 7505
8402 8586
8402 8945
8402 9144
8402 10483
8402 10509
8402 10777
8402 11721
8402 12406
8404 9183
8406 3001
8406 6830
8417 852
8419 2443
8422 7005
8422 8026
8422 8068
8422 11173
8432 36
8432 4405
8432 5348
8432 9639
8432 12311
8432 12842
8434 2417
8434 8736
8434 10789
8436 2822
8436 6534
8436 7593
8439 6498
8439 13307
8443 303
8443 2302
8443 6887
8451 351
8451 2669
8451 6712
8451 8336
8451 8436
8451 8506
8451 10205
8456 1870
8456 8227
8456 9760
8456 11074
8465 2669
8472 8326
8472 9842
8472 10624
8473 7259
8478 1067
8478 2505
8478 2523
8478 5484
8478 12708
8482 7701
8484 3428
8484 8144
8484 8511
8484 9870
8486 8602
8491 2669
8491 6857
8491 8336
8491 9935
8494 8511
8494 12727
8514 6770
8517 1215
8517 2302
8517 2455
8517 3412
8517 3886
8517 6887
8517 9418
8519 2669
8520 2523
8520 8906
8520 10003
8520 10640
8520 11993
8524 12983
8525 2523
8527 10057
8528 1505
8528 6006
8528 9144
8529 4040
8529 4599
8529 7705
8538 3899
8540 2669
8542 9502
8548 65
8554 2669
8556 2101
8556 2138
8556 4748
8556 8525
8556 12552
8556 13396
8557 9144
8560 7659
8561 2861
8562 2252
8567 2861
8568 9953
8570 3530
8570 4405
8570 6819
8570 9639
8570 10867
8573 5047
8580 9414
8585 11965
8587 3675
8591 9839
8595 9639
8595 12842
8599 29
8599 5348
8599 7031
8599 9503
8599 10054
8599 11593
8616 3873
8616 5965
8616 10047
8616 10603
8616 12410
8618 9112
8618 12798
8628 9077
8628 11510
8630 5877
8630 8436
8632 3481
8632 5986
8632 6724
8632 6836
8632 11432
8632 12103
8634 4242
8634 9129
8634 12428
8637 4492
8637 6273
8637 10942
8640 4781
8640 6864
8653 2523
8653 7263
8660 4173
8671 8535
8675 303
8675 2455
8675 3412
8677 2669
8681 10205
8681 10249
8681 11194
8685 2669
8689 1754
8704 4722
8713 1721
8721 12689
8725 11183
8728 2074
8728 11973
8734 236
8734 3373
8734 3515
8734 4196
8734 5162
8734 5976
8734 10137
8734 11061
8736 8511
8736 10640
8748 6286
8752 3530
8752 4277
8752 5792
8752 8578
8752 9760
8752 11420
8752 12842
8763 584
8763 2669
8763 7789
8763 11194
8767 9503
8768 9842
8768 12842
8769 79
8769 3223
8769 5285
8769 7915
8769 8162
8769 9312
8771 863
8771 13432
8789 3598
8789 3609
8789 7145
8790 97
8790 9662
8790 11104
8796 6735
8809 844
8809 10925
8810 9
8810 9175
8810 11894
8810 12638
8816 1638
8816 2908
8816 8230
8816 8336
8816 8506
8816 11749
8816 13308
8819 1547
8819 6372
8819 6417
8827 9502
8831 145
8831 155
8831 503
8831 680
8831 1961
8831 2841
8831 3278
8831 3790
8831 4202
8831 4768
8831 4854
8831 4986
8831 5024
8831 5269
8831 5510
8831 6003
8831 6124
8831 6475
8831 6753
8831 7103
8831 7464
8831 8622
8831 9156
8831 10325
8831 10827
8831 11064
8831 11124
8831 11432
8831 12180
8831 12416
8831 13329
8832 2294
8832 4599
8832 8576
8839 2628
8839 3530
8839 4593
8839 6819
8839 9711
8841 2483
8844 2098
8844 9463
8844 10054
8853 1664
8857 5820
8858 3131
8858 7185
8858 9598
8858 13413
8863 9312
8863 12076
8868 2246
8868 6011
8868 6506
8868 10303
8868 11791
8868 11957
8875 6498
8876 12076
8877 13133
8882 214
8888 2669
8888 6712
8888 8336
8888 11194
8888 12972
8895 311
8895 535
8895 1195
8895 2950
8895 3037
8895 4654
8895 7532
8895 10515
8895 11069
8895 11572
8895 12942
8897 3131
8897 7185
8897 9598
8897 10908
8897 13413
8898 2669
8905 3991
8905 5150
8905 9760
8908 2847
8908 3836
8908 5988
8908 6375
8910 2774
8910 5368
8913 1258
8913 8144
8913 8171
8913 8578
8913 9760
8913 9870
8913 10303
8913 10342
8917 5596
8917 5728
8917 11692
8917 12532
8921 586
8921 680
8921 954
8921 1269
8921 1830
8921 2078
8921 2839
8921 2959
8921 3035
8921 3084
8921 3676
8921 4006
8921 4230
8921 4719
8921 5813
8921 5824
8921 5840
8921 5887
8921 6202
8921 6204
8921 6421
8921 6466
8921 6753
8921 6774
8921 7464
8921 8049
8921 8116
8921 8205
8921 9022
8921 9229
8921 10115
8921 10125
8921 10397
8921 10953
8921 11704
8921 11797
8921 13242
8926 71
8926 201
8926 303
8926 1215
8926 3412
8926 10775
8931 5338
8932 173
8932 745
8932 1291
8932 2086
8932 3406
8932 7443
8932 7739
8932 8557
8932 8777
8932 10140
8932 11447
8932 11913
8932 12607
8940 454
8940 5491
8940 6565
8940 6716
8940 7038
8947 584
8947 2669
8947 8436
8947 11194
8947 12972
8951 8563
8951 10949
8951 11767
8951 11778
8959 1676
8959 6192
8959 6673
8959 8073
8961 2004
8961 11763
8965 4200
8965 4959
8965 9434
8967 6498
8968 12610
8981 9760
8981 11187
8981 11692
8983 1570
8983 8578
8983 12842
8984 6647
8984 12305
8985 5936
8985 6461
8989 2669
8996 2669
8998 2669
8998 3428
8998 7175
8998 8506
8998 10845
8998 12419
9000 1547
9000 6372
9000 6417
9000 8382
9000 12321
9002 3022
9004 3726
9004 5254
9004 6042
9011 7504
9011 9444
9011 13165
9013 6314
9013 6441
9019 1900
9021 4416
9021 9541
9021 12228
9022 586
9022 1505
9022 5548
9022 6780
9022 8033
9022 8202
9022 9209
9022 13215
9026 4405
9026 6819
9026 11662
9026 12727
9031 388
9031 542
9031 771
9031 1555
9031 2246
9031 3530
9031 6940
9031 9639
9031 11420
9032 11353
9036 2669
9036 11183
9045 8506
9054 9031
9056 5619
9056 9271
9060 9144
9063 2659
9063 3086
9063 7131
9063 12475
9065 2669
9071 6922
9078 2261
9078 2623
9078 3110
9078 3250
9078 3906
9078 4688
9078 5217
9078 5375
9078 6883
9078 7208
9078 8254
9078 8670
9078 10925
9078 11216
9078 12539
9078 13211
9081 10483
9086 11026
9093 11998
9093 13041
9096 2694
9097 3448
9100 201
9100 303
9100 3404
9100 9418
9104 303
9104 1215
9104 3404
9112 351
9112 2669
9114 10661
9114 10845
9118 750
9118 2714
9118 6996
9118 12117
9118 12983
9118 13108
9120 11288
9122 6498
9127 3899
9141 1555
9141 2443
9141 3530
9141 3710
9141 4405
9141 7377
9141 9639
9141 11327
9141 12686
9141 12842
9144 5274
9144 13330
9146 5792
9147 1932
9149 6498
9156 3545
9156 4599
9156 7705
9167 782
9167 1137
9167 3376
9167 5348
9167 9503
9167 10415
9167 11193
9168 782
9168 7031
9168 9077
9168 11593
9169 23
9169 175
9169 2669
9169 6884
9171 2905
9171 3942
9171 8905
9171 9315
9171 11305
9171 13089
9171 13354
9174 1505
9174 7940
9174 9660
9174 12428
9178 10295
9182 303
9182 1215
9182 2457
9185 351
9185 584
9185 2669
9185 2934
9185 8436
9185 10205
9185 10669
9185 11194
9185 12419
9185 12972
9208 2629
9208 9576
9210 2800
9210 3913
9215 584
9215 2669
9215 12972
9216 3530
9216 4405
9216 6819
9216 6941
9216 9639
9216 11420
9216 12842
9219 2959
9219 6124
9219 6419
9219 10753
9219 13381
9221 3710
9221 5986
9221 12768
9222 1690
9222 2659
9244 401
9244 416
9244 934
9244 1269
9244 1508
9244 1750
9244 1919
9244 2290
9244 2463
9244 2497
9244 2949
9244 3089
9244 3190
9244 3351
9244 3509
9244 4052
9244 4370
9244 4722
9244 5087
9244 5116
9244 5531
9244 6204
9244 6268
9244 6990
9244 7354
9244 8031
9244 8793
9244 8891
9244 10115
9244 10401
9244 10410
9244 11793
9244 12318
9244 12421
9244 12709
9244 13008
9244 13085
9244 13167
9247 1045
9247 5787
9247 8243
9247 9068
9247 11940
9248 21
9248 2514
9248 7161
9248 9490
9248 11284
9256 5708
9256 7889
9257 5098
9257 9196
9257 11353
9261 3554
9261 4169
9261 5157
9261 11836
9270 3530
9270 4405
9270 6819
9270 9639
9270 12686
9270 12842
9273 1225
9273 1870
9273 2089
9276 2714
9276 3413
9276 4358
9276 4758
9276 5038
9276 5859
9276 11309
9280 584
9280 1052
9280 6064
9280 6801
9280 8336
9280 8506
9280 11194
9280 12972
9289 24
9289 9860
9289 10243
9289 10484
9289 10975
9293 8511
9293 9196
9293 9870
9293 12117
9293 12842
9293 13330
9307 1780
9307 8282
9307 11345
9319 13378
9322 2669
9327 2809
9327 7466
9327 10964
9328 2669
9331 475
9333 7468
9337 2669
9337 6064
9337 6712
9337 8336
9337 8506
9337 8995
9344 12117
9354 10004
9355 4258
9355 11172
9356 12529
9359 3428
9359 4886
9359 7468
9359 8511
9359 9803
9359 9870
9359 12708
9364 1278
9364 2841
9364 5290
9364 11576
9364 12566
9372 2627
9375 555
9375 5905
9375 9929
9382 6264
9386 5254
9402 456
9402 2086
9402 4173
9405 12607
9407 3131
9407 7185
9407 10908
9420 1547
9420 2056
9420 6372
9420 6417
9420 8382
9420 12321
9425 584
9425 1638
9425 2908
9425 8230
9425 11749
9425 13308
9428 7916
9431 406
9431 8065
9436 12693
9439 1800
9439 1829
9439 3649
9448 5986
9448 6724
9448 6836
9448 8702
9448 9196
9448 12103
9454 3530
9454 4405
9454 6819
9454 9639
9454 12686
9454 12842
9456 1168
9456 5154
9456 11141
9460 351
9460 584
9460 2669
9460 8436
9460 10205
9460 11194
9460 12972
9463 6450
9464 4112
9464 10198
9464 12991
9467 767
9470 201
9470 303
9470 1215
9472 2669
9473 1313
9473 6899
9473 7018
9473 8130
9473 10392
9473 12190
9473 12425
9479 10847
9483 2669
9488 303
9488 1215
9488 6887
9491 201
9491 1215
9491 2455
9491 2457
9491 2576
9493 3431
9493 11287
9504 1910
9504 2891
9504 5560
9504 5596
9504 5931
9504 12532
9507 584
9507 2841
9507 9250
9507 10008
9508 4726
9511 3365
9511 5969
9511 9730
9511 9805
9511 12313
9521 5846
9523 11765
9525 12906
9526 3431
9526 5727
9526 12734
9532 8212
9557 2669
9560 9126
9573 4998
9584 6920
9584 8180
9584 10097
9586 1570
9586 3530
9586 4405
9586 6819
9586 7617
9586 9639
9586 12686
9586 12842
9587 6952
9589 9384
9592 584
9592 2669
9592 6712
9592 11194
9593 457
9593 1555
9593 2532
9593 5348
9593 6414
9593 11193
9593 12734
9601 3156
9606 3546
9606 5937
9608 2092
9609 6902
9616 5316
9618 10010
9620 1925
9620 2381
9620 11673
9620 12454
9620 12607
9624 12996
9625 12332
9626 1547
9626 6372
9626 6417
9626 8382
9626 11736
9626 13206
9626 13413
9631 351
9631 584
9631 8436
9631 10205
9631 11194
9631 12972
9643 1264
9643 1319
9643 10003
9643 10640
9644 863
9644 4655
9644 5249
9649 12873
9655 4673
9655 7789
9657 6372
9657 6417
9657 8382
9657 12321
9664 9191
9671 1501
9672 4598
9672 11104
9676 1342
9683 947
9685 4380
9685 10054
9697 2217
9697 8514
9699 1541
9699 2181
9699 10626
9699 12697
9700 2669
9703 3428
9703 10845
9713 9144
9726 1555
9726 1674
9726 6819
9726 7377
9726 9639
9726 12686
9726 12842
9729 1260
9739 2669
9740 1622
9740 2694
9740 3545
9740 4599
9740 4705
9740 5294
9742 1963
9742 3253
9742 8152
9742 8315
9742 9087
9743 7940
9744 702
9744 4999
9744 7787
9751 1492
9751 4461
9751 5764
9752 2428
9752 3039
9752 9378
9752 10856
9752 12085
9757 1555
9757 5792
9757 6819
9757 9639
9757 12686
9757 12842
9758 303
9758 1215
9758 6887
9763 3006
9772 1800
9772 7705
9772 12128
9776 1583
9776 2082
9776 5385
9777 1505
9777 1876
9777 4268
9777 5031
9777 5924
9777 9022
9777 9302
9777 12775
9793 2512
9793 10789
9793 11580
9794 3530
9794 4405
9794 4449
9794 9459
9794 12842
9797 2669
9797 7981
9801 3131
9801 7185
9801 9598
9801 10908
9801 13413
9803 1340
9803 3646
9803 4659
9803 5364
9803 7019
9803 8887
9803 13434
9807 4761
9807 11956
9811 7438
9812 866
9812 3868
9812 6704
9812 8212
9812 8843
9816 482
9816 3635
9816 4880
9816 5621
9820 4416
9831 4257
9836 2669
9838 2166
9838 3529
9838 10041
9838 12851
9839 2800
9839 5137
9840 1505
9840 9144
9849 1770
9849 2811
9849 4293
9852 351
9852 584
9852 8436
9852 10205
9852 11194
9852 12972
9858 1500
9858 2023
9858 2165
9859 890
9862 2278
9864 9502
9874 7076
9875 3742
9875 11899
9880 2669
9885 7277
9885 13356
9887 812
9887 7021
9887 11479
9888 2669
9896 3992
9896 5348
9896 5727
9896 5759
9896 6414
9896 7031
9896 9503
9904 782
9908 8924
9908 11881
9913 4216
9917 351
9917 584
9917 2669
9917 8436
9917 10205
9917 12972
9923 6772
9934 78
9934 863
9934 1592
9934 1659
9934 2004
9934 2117
9934 5709
9934 7273
9934 7331
9934 7431
9934 8134
9934 8670
9934 9875
9934 10754
9934 10837
9934 11476
9934 12601
9936 584
9936 2669
9936 4252
9936 7175
9936 7552
9936 10661
9936 10845
9938 1505
9939 3710
9939 12662
9947 3029
9947 8186
9953 1553
9953 1938
9953 1956
9953 8415
9953 11069
9968 362
9968 2463
9968 3089
9968 3528
9968 3772
9968 5310
9968 5531
9968 5924
9968 6225
9968 9144
9968 9209
9968 12696
9970 9598
9970 10908
9973 1746
9973 5419
9973 5880
9973 6890
9976 3639
9976 11120
9984 3509
9995 701
9995 9451
9996 12689
9997 12572
10007 5924
10007 6583
10007 8285
10007 12684
10014 2089
10014 2726
10024 786
10030 9503
10031 9825
10032 3131
10032 9598
10036 11443
10036 11727
10036 11756
10037 723
10037 10063
10037 11593
10041 2290
10041 12046
10042 4655
10042 6094
10045 661
10045 3976
10052 1408
10055 9396
10059 2669
10061 13310
10063 3481
10069 2669
10074 8750
10080 2800
10080 9414
10082 287
10082 2486
10082 2694
10082 2804
10082 3396
10082 4522
10082 5294
10082 5934
10082 6425
10082 6740
10082 7265
10082 7322
10082 7705
10082 7829
10082 8361
10082 8499
10082 9356
10082 9377
10082 10254
10082 11307
10082 11552
10084 9144
10090 7153
10091 11645
10091 12851
10095 1199
10095 2755
10095 10640
10095 12958
10095 13385
10098 3530
10098 10867
10113 1135
10118 604
10118 11431
10120 9760
10120 10199
10132 303
10132 5975
10132 9126
10132 9658
10132 13175
10134 9503
10137 12070
10140 2523
10140 3986
10140 7916
10141 12667
10141 13119
10144 3131
10144 7185
10144 9598
10144 13413
10146 6498
10149 2669
10152 13213
10154 1547
10154 6372
10154 6417
10154 12321
10159 9842
10165 1437
10165 5098
10165 9196
10165 9384
10165 13330
10167 637
10168 2486
10170 3481
10170 6991
10170 8338
10170 12228
10178 4722
10179 10789
10181 860
10181 975
10181 2443
10181 3710
10181 5200
10181 5986
10181 6836
10181 7028
10181 10512
10181 12695
10187 7185
10187 9598
10187 10908
10189 5986
10189 6011
10189 7156
10189 8702
10189 11791
10189 11957
10192 532
10192 750
10192 987
10192 4244
10192 5263
10192 6094
10192 8566
10193 4556
10199 7695
10201 99
10201 255
10201 892
10201 1168
10201 5337
10201 5846
10201 8541
10201 10913
10201 11589
10201 11933
10201 13090
10204 4834
10204 5650
10204 6252
10205 2171
10205 2669
10205 9459
10209 2669
10217 3131
10217 7185
10217 9598
10217 10908
10217 13413
10225 2256
10225 3601
10225 9147
10225 9581
10225 11202
10231 10925
10231 12076
10232 303
10232 1215
10232 2455
10234 2669
10239 5662
10246 4853
10254 2669
10255 2127
10256 3428
10256 4551
10256 5986
10256 8702
10256 10925
10256 12117
10256 12768
10257 4482
10265 6495
10271 3774
10271 12529
10272 998
10272 3545
10272 3754
10272 4599
10275 2012
10275 6735
10275 10653
10287 1833
10287 1963
10287 2000
10287 2828
10287 3734
10287 5192
10287 6487
10287 8893
10287 9045
10288 2669
10291 2023
10291 9739
10291 12831
10293 4704
10294 6462
10296 2296
10296 9144
10300 1555
10300 2098
10300 4405
10300 4449
10300 7377
10300 12842
10301 13206
10313 3131
10313 7185
10313 9598
10313 10908
10313 13413
10314 2669
10317 303
10317 1215
10317 2455
10331 6138
10334 3530
10334 7617
10336 1166
10336 7054
10336 11036
10336 11602
10339 3519
10351 2669
10353 542
10353 552
10353 1555
10353 2379
10353 6819
10359 11828
10366 10182
10366 12999
10374 584
10374 6064
10374 6712
10374 8336
10374 8506
10376 3131
10376 7185
10376 9598
10376 13413
10382 1371
10383 332
10383 3428
10383 10041
10383 13124
10388 3529
10392 2101
10393 1437
10393 2443
10402 1476
10411 2825
10411 5253
10411 10356
10412 9196
10418 6498
10422 782
10422 12734
10427 10535
10429 13035
10432 3177
10432 4880
10432 8578
10432 9760
10432 9870
10434 2957
10434 5120
10434 6990
10439 9864
10444 71
10444 1421
10444 1632
10444 3079
10444 3404
10444 6476
10444 6887
10444 7147
10444 9042
10444 9114
10444 9121
10444 9927
10448 2669
10455 2800
10461 12708
10463 9435
10463 10990
10463 12190
10467 388
10470 6550
10470 10556
10471 737
10471 2563
10471 6011
10471 11791
10473 2669
10481 12734
10485 6369
10485 7018
10485 10260
10487 12947
10487 13163
10489 2142
10489 3987
10489 5115
10489 11370
10496 11587
10497 3545
10497 3754
10497 4040
10497 4062
10497 6461
10497 7701
10510 6498
10512 6387
10514 6011
10514 10054
10519 394
10519 2628
10519 4405
10519 4453
10519 5727
10519 6819
10519 8736
10519 10694
10519 12686
10520 2523
10520 3628
10520 8781
10520 9306
10521 427
10521 10509
10521 11527
10521 11924
10523 12847
10526 7787
10526 11692
10527 930
10527 1555
10527 1783
10527 2379
10527 3530
10527 6819
10527 8736
10527 9639
10527 10694
10527 11327
10527 12686
10528 782
10528 2757
10528 9503
10528 9548
10528 10063
10528 10569
10533 4405
10533 6819
10533 9639
10533 12686
10533 12842
10537 584
10537 2669
10553 6819
10553 9639
10553 11420
10556 68
10556 7018
10556 10260
10556 10303
10556 11446
10560 3710
10560 9281
10560 12842
10564 1547
10564 6372
10564 6417
10564 7185
10564 8382
10564 9598
10564 10908
10564 12321
10564 13413
10566 8586
10571 7059
10580 6498
10581 11077
10590 6346
10590 13330
10591 303
10591 1215
10591 2455
10599 782
10599 1555
10599 5348
10599 5765
10599 7031
10599 12734
10610 2056
10610 8180
10610 10779
10610 11298
10610 13450
10617 2669
10618 3681
10618 6222
10618 6735
10618 7322
10630 9842
10630 12535
10632 6819
10640 584
10647 12720
10666 5497
10666 10227
10674 6926
10674 12836
10682 7361
10682 9325
10682 11900
10685 4501
10690 2669
